101
1 905 2
1 595 3
2 956 3
1 84 4
2 976 4
4 190 3
1 298 5
2 78 5
5 205 3
4 609 5
1 337 6
6 768 2
6 81 3
4 667 6
6 469 5
1 883 7
2 566 7
7 5 3
7 876 4
7 580 5
6 383 7
8 755 1
2 258 8
8 723 3
8 754 4
8 752 5
8 813 6
8 507 7
1 687 9
2 976 9
3 434 9
4 420 9
9 265 5
9 990 6
9 986 7
9 428 8
10 117 1
10 102 2
10 340 3
4 884 10
10 659 5
10 157 6
10 88 7
8 510 10
9 992 10
11 460 1
2 861 11
11 93 3
4 317 11
11 820 5
6 792 11
11 260 7
11 328 8
11 299 9
11 243 10
12 81 1
12 182 2
3 348 12
12 237 4
12 115 5
12 793 6
12 445 7
8 35 12
9 261 12
10 51 12
12 410 11
1 179 13
2 567 13
3 968 13
13 695 4
5 976 13
13 178 6
13 129 7
8 794 13
13 7 9
10 929 13
11 666 13
12 663 13
1 365 14
2 919 14
14 449 3
14 133 4
14 547 5
14 819 6
14 145 7
8 621 14
9 23 14
14 592 10
14 467 11
12 267 14
13 848 14
1 705 15
2 784 15
15 198 3
15 997 4
15 346 5
6 550 15
15 265 7
15 835 8
9 9 15
10 924 15
15 628 11
12 42 15
13 291 15
15 867 14
1 612 16
2 42 16
16 531 3
16 275 4
5 966 16
16 855 6
16 398 7
16 519 8
16 876 9
10 398 16
11 634 16
12 278 16
13 446 16
14 875 16
16 509 15
1 951 17
17 234 2
3 521 17
4 929 17
17 312 5
6 806 17
17 653 7
8 877 17
17 691 9
17 833 10
11 471 17
12 799 17
13 926 17
14 761 17
17 37 15
16 933 17
1 709 18
18 720 2
3 974 18
18 226 4
5 94 18
6 464 18
18 544 7
18 350 8
9 321 18
18 781 10
11 215 18
18 991 12
13 650 18
18 826 14
15 843 18
18 475 16
18 460 17
1 571 19
2 580 19
3 568 19
4 316 19
19 985 5
6 181 19
19 18 7
8 647 19
19 829 9
19 586 10
11 675 19
19 225 12
19 684 13
14 783 19
19 730 15
16 51 19
17 344 19
19 358 18
20 178 1
2 1000 20
20 663 3
20 596 4
5 42 20
6 356 20
20 324 7
8 497 20
9 741 20
20 690 10
11 708 20
12 523 20
20 880 13
14 32 20
15 155 20
20 46 16
17 209 20
20 57 18
20 925 19
1 882 21
21 743 2
3 575 21
4 640 21
5 224 21
21 164 6
21 482 7
21 198 8
9 146 21
10 30 21
11 610 21
12 49 21
13 7 21
14 765 21
15 557 21
16 751 21
21 815 17
18 160 21
21 77 19
20 757 21
22 105 1
2 640 22
22 129 3
4 336 22
5 367 22
22 446 6
22 878 7
22 462 8
22 330 9
22 944 10
11 666 22
12 403 22
13 192 22
22 726 14
15 54 22
16 912 22
17 318 22
18 259 22
22 477 19
20 669 22
22 907 21
23 79 1
2 269 23
3 703 23
23 476 4
5 713 23
6 128 23
23 101 7
23 901 8
23 898 9
10 263 23
11 348 23
23 906 12
13 13 23
23 148 14
23 51 15
16 443 23
23 42 17
18 395 23
23 857 19
20 501 23
21 202 23
23 805 22
1 914 24
24 363 2
24 564 3
4 792 24
24 136 5
6 288 24
24 878 7
24 390 8
24 509 9
10 455 24
24 520 11
12 191 24
13 319 24
14 385 24
24 194 15
16 302 24
17 797 24
18 258 24
24 533 19
24 110 20
24 726 21
22 905 24
24 87 23
1 591 25
25 329 2
25 234 3
25 320 4
5 881 25
6 86 25
25 346 7
25 649 8
9 187 25
10 275 25
25 182 11
12 925 25
13 673 25
14 131 25
15 313 25
16 368 25
25 696 17
18 986 25
19 616 25
25 612 20
21 302 25
25 179 22
25 211 23
25 282 24
1 451 26
26 458 2
3 370 26
4 893 26
5 742 26
6 301 26
7 641 26
26 138 8
9 6 26
26 757 10
11 194 26
26 924 12
26 782 13
14 202 26
15 709 26
26 884 16
17 867 26
26 365 18
19 303 26
20 725 26
21 549 26
26 591 22
23 269 26
26 725 24
26 39 25
27 174 1
27 211 2
3 368 27
27 269 4
5 249 27
6 501 27
7 391 27
27 714 8
27 552 9
10 656 27
11 469 27
12 619 27
13 502 27
14 942 27
15 826 27
27 332 16
27 307 17
18 981 27
19 937 27
27 860 20
27 562 21
27 275 22
23 892 27
27 31 24
25 409 27
27 313 26
28 999 1
28 416 2
28 215 3
4 632 28
28 874 5
28 609 6
28 768 7
28 852 8
28 176 9
10 281 28
11 515 28
12 155 28
28 460 13
14 8 28
15 484 28
28 154 16
17 379 28
28 834 18
28 158 19
20 317 28
28 692 21
28 709 22
28 360 23
24 401 28
28 380 25
26 969 28
28 320 27
29 328 1
2 599 29
3 908 29
4 382 29
5 63 29
29 40 6
29 351 7
8 911 29
9 399 29
10 354 29
29 896 11
29 842 12
13 463 29
14 919 29
29 12 15
16 910 29
29 594 17
29 717 18
29 289 19
29 522 20
29 306 21
22 849 29
29 245 23
29 967 24
25 217 29
26 27 29
29 63 27
29 560 28
1 80 30
2 761 30
3 920 30
30 234 4
5 254 30
6 184 30
7 893 30
30 734 8
30 502 9
10 932 30
11 236 30
12 531 30
30 974 13
30 369 14
30 665 15
30 776 16
30 343 17
18 882 30
30 924 19
20 279 30
21 582 30
22 607 30
30 176 23
30 21 24
25 878 30
30 244 26
30 562 27
28 70 30
29 703 30
31 963 1
31 324 2
31 902 3
31 551 4
5 380 31
31 357 6
7 898 31
8 675 31
9 427 31
31 319 10
11 877 31
12 595 31
13 295 31
31 365 14
15 727 31
31 720 16
31 539 17
18 839 31
31 431 19
31 194 20
31 742 21
22 635 31
23 809 31
31 234 24
25 173 31
26 722 31
27 618 31
28 864 31
31 463 29
31 908 30
1 536 32
2 346 32
3 993 32
32 137 4
5 399 32
32 18 6
32 280 7
32 861 8
9 182 32
10 315 32
32 996 11
32 318 12
32 936 13
14 912 32
15 541 32
16 309 32
32 991 17
18 129 32
19 477 32
20 63 32
21 474 32
22 610 32
23 284 32
24 743 32
32 863 25
26 202 32
32 131 27
32 666 28
29 772 32
30 637 32
31 864 32
33 575 1
2 407 33
33 758 3
4 56 33
5 385 33
33 398 6
33 877 7
33 491 8
33 458 9
10 561 33
11 257 33
33 296 12
33 453 13
14 315 33
15 850 33
16 225 33
33 832 17
33 759 18
33 709 19
20 954 33
33 773 21
33 262 22
33 909 23
33 795 24
33 715 25
26 279 33
27 818 33
33 525 28
33 710 29
30 744 33
33 625 31
32 905 33
1 23 34
2 433 34
34 712 3
34 540 4
34 905 5
6 664 34
34 220 7
8 135 34
9 130 34
10 590 34
34 889 11
12 202 34
34 914 13
14 241 34
34 629 15
16 968 34
34 371 17
34 811 18
19 545 34
20 190 34
21 940 34
22 39 34
34 237 23
34 886 24
34 524 25
34 467 26
34 63 27
34 128 28
34 976 29
30 345 34
34 392 31
34 743 32
33 121 34
1 832 35
2 715 35
35 777 3
4 781 35
5 800 35
35 443 6
35 480 7
8 664 35
35 635 9
35 120 10
11 823 35
12 822 35
35 886 13
35 453 14
15 174 35
16 792 35
35 327 17
35 705 18
19 550 35
35 793 20
21 520 35
22 128 35
23 160 35
35 708 24
25 281 35
26 181 35
35 239 27
35 324 28
35 348 29
30 550 35
35 830 31
32 167 35
33 450 35
35 996 34
36 932 1
2 472 36
3 915 36
4 246 36
5 44 36
36 392 6
7 731 36
36 449 8
9 145 36
36 592 10
36 111 11
12 566 36
13 855 36
36 189 14
15 535 36
16 432 36
17 948 36
18 576 36
19 502 36
36 408 20
36 678 21
36 529 22
23 924 36
36 727 24
25 62 36
36 615 26
36 852 27
28 199 36
29 882 36
30 159 36
31 409 36
32 830 36
36 736 33
36 303 34
36 516 35
1 32 37
2 629 37
3 502 37
37 1 4
5 905 37
37 950 6
37 266 7
37 432 8
37 820 9
37 14 10
11 484 37
12 479 37
13 650 37
37 911 14
37 620 15
37 908 16
37 666 17
18 84 37
37 493 19
20 735 37
37 25 21
37 834 22
23 173 37
37 70 24
25 423 37
37 22 26
37 4 27
28 691 37
29 446 37
30 81 37
31 470 37
32 520 37
37 239 33
34 353 37
35 654 37
36 563 37
1 538 38
38 257 2
38 848 3
4 204 38
38 322 5
6 193 38
38 131 7
38 267 8
38 436 9
38 504 10
11 346 38
12 102 38
38 890 13
14 997 38
38 974 15
16 968 38
38 928 17
18 581 38
19 442 38
38 422 20
38 17 21
38 943 22
23 810 38
24 267 38
38 47 25
26 644 38
27 536 38
38 731 28
38 173 29
30 618 38
38 340 31
38 740 32
33 323 38
38 263 34
35 568 38
38 792 36
37 766 38
1 810 39
2 85 39
3 439 39
39 41 4
39 461 5
39 702 6
39 402 7
8 844 39
39 127 9
10 663 39
11 842 39
39 703 12
13 638 39
14 9 39
15 823 39
39 699 16
39 425 17
18 533 39
39 804 19
20 581 39
39 715 21
39 394 22
23 728 39
39 600 24
25 188 39
26 549 39
27 896 39
28 478 39
29 770 39
30 828 39
31 951 39
32 666 39
33 22 39
34 999 39
39 223 35
39 813 36
39 881 37
39 163 38
40 793 1
40 508 2
40 476 3
4 300 40
40 129 5
40 746 6
40 78 7
40 303 8
9 973 40
10 415 40
11 96 40
40 641 12
13 228 40
40 924 14
15 533 40
40 584 16
40 691 17
40 850 18
40 85 19
20 708 40
40 450 21
40 735 22
23 153 40
24 448 40
25 198 40
26 452 40
40 24 27
28 395 40
29 207 40
30 853 40
40 232 31
32 6 40
33 914 40
40 885 34
40 737 35
40 594 36
40 777 37
40 366 38
39 267 40
1 415 41
41 261 2
3 434 41
41 735 4
5 899 41
6 606 41
7 346 41
41 347 8
9 205 41
41 817 10
41 904 11
41 535 12
13 45 41
41 752 14
41 978 15
16 637 41
41 890 17
41 632 18
41 110 19
20 926 41
21 823 41
22 196 41
41 804 23
41 358 24
25 899 41
26 822 41
41 301 27
41 369 28
29 819 41
30 470 41
41 686 31
32 624 41
33 598 41
41 611 34
35 721 41
41 468 36
37 701 41
38 542 41
41 368 39
41 995 40
42 598 1
42 22 2
42 646 3
42 975 4
42 876 5
42 429 6
42 692 7
8 307 42
9 116 42
10 802 42
42 813 11
42 10 12
13 45 42
42 184 14
15 255 42
42 304 16
42 301 17
18 332 42
42 118 19
42 274 20
21 909 42
22 652 42
42 679 23
24 905 42
25 536 42
26 282 42
42 366 27
42 609 28
29 701 42
30 431 42
31 876 42
42 616 32
33 78 42
42 405 34
35 568 42
36 809 42
42 605 37
38 61 42
39 617 42
42 472 40
41 90 42
43 487 1
2 621 43
3 681 43
43 579 4
43 520 5
6 161 43
43 553 7
8 649 43
9 358 43
43 62 10
11 742 43
43 218 12
43 414 13
14 964 43
43 706 15
16 49 43
43 518 17
18 30 43
43 698 19
43 870 20
43 391 21
22 489 43
23 518 43
43 219 24
25 130 43
43 986 26
27 105 43
28 356 43
29 460 43
30 211 43
31 55 43
32 970 43
43 948 33
43 274 34
35 630 43
43 252 36
37 537 43
43 471 38
39 806 43
40 586 43
43 952 41
42 87 43
44 354 1
2 376 44
3 330 44
4 737 44
5 664 44
6 292 44
44 485 7
44 309 8
44 429 9
10 388 44
11 289 44
12 236 44
44 489 13
14 590 44
15 123 44
16 720 44
44 106 17
18 318 44
44 846 19
44 681 20
21 765 44
22 869 44
23 909 44
24 728 44
44 391 25
44 700 26
27 13 44
44 996 28
29 337 44
44 390 30
31 951 44
32 726 44
44 914 33
34 978 44
35 611 44
36 467 44
37 342 44
38 429 44
44 528 39
40 295 44
44 220 41
42 715 44
43 505 44
45 216 1
45 550 2
45 222 3
45 585 4
45 102 5
6 978 45
7 661 45
45 463 8
9 324 45
10 213 45
11 34 45
45 412 12
13 59 45
14 334 45
15 368 45
16 705 45
17 908 45
45 360 18
45 734 19
20 286 45
21 928 45
22 106 45
23 197 45
45 510 24
25 366 45
26 281 45
27 578 45
28 86 45
45 119 29
45 637 30
31 392 45
32 35 45
45 306 33
34 320 45
45 941 35
36 987 45
37 151 45
45 715 38
45 583 39
40 443 45
45 818 41
45 179 42
45 819 43
44 488 45
1 999 46
2 16 46
3 722 46
4 522 46
5 244 46
46 38 6
46 953 7
46 338 8
46 143 9
46 821 10
46 699 11
46 581 12
46 628 13
46 691 14
15 221 46
16 488 46
17 803 46
18 746 46
46 485 19
46 435 20
21 165 46
22 11 46
46 248 23
46 810 24
25 209 46
26 993 46
46 215 27
46 518 28
46 231 29
46 475 30
46 189 31
46 963 32
46 487 33
46 249 34
46 696 35
46 2 36
37 847 46
46 672 38
39 449 46
40 543 46
46 656 41
42 632 46
43 722 46
46 61 44
46 155 45
47 650 1
2 659 47
3 909 47
4 862 47
5 375 47
6 584 47
7 53 47
8 45 47
47 980 9
10 315 47
11 365 47
12 14 47
13 778 47
47 361 14
47 572 15
16 245 47
17 586 47
47 436 18
47 273 19
20 673 47
21 813 47
22 621 47
47 39 23
47 689 24
25 833 47
26 323 47
27 968 47
47 527 28
47 991 29
30 452 47
47 50 31
32 391 47
33 881 47
34 815 47
47 358 35
36 739 47
47 962 37
38 324 47
39 45 47
40 127 47
41 478 47
42 273 47
43 581 47
47 427 44
45 272 47
46 698 47
1 690 48
48 731 2
48 330 3
4 427 48
5 424 48
48 999 6
48 431 7
8 869 48
9 123 48
10 855 48
48 909 11
12 787 48
48 385 13
48 127 14
15 390 48
48 975 16
48 344 17
48 883 18
48 165 19
20 894 48
48 714 21
22 943 48
48 645 23
48 53 24
48 847 25
48 614 26
27 741 48
48 279 28
29 113 48
30 893 48
31 280 48
48 148 32
33 210 48
34 386 48
48 306 35
48 711 36
48 345 37
48 318 38
39 204 48
48 932 40
48 316 41
42 493 48
43 472 48
44 324 48
48 792 45
48 406 46
47 728 48
49 822 1
49 483 2
3 315 49
4 561 49
49 932 5
49 514 6
7 951 49
49 901 8
9 439 49
49 559 10
49 582 11
12 630 49
13 104 49
14 899 49
49 950 15
16 150 49
17 133 49
49 761 18
19 88 49
20 515 49
49 851 21
22 2 49
49 979 23
49 136 24
49 486 25
49 741 26
49 837 27
49 239 28
29 939 49
49 646 30
49 39 31
49 291 32
33 437 49
34 615 49
35 76 49
49 849 36
49 252 37
38 421 49
49 517 39
40 126 49
41 327 49
49 305 42
43 292 49
49 827 44
49 265 45
49 311 46
49 435 47
48 590 49
1 639 50
2 651 50
50 553 3
4 259 50
5 229 50
6 599 50
50 288 7
8 991 50
50 264 9
10 209 50
50 742 11
50 149 12
50 147 13
50 505 14
50 957 15
16 857 50
17 489 50
50 297 18
19 777 50
20 193 50
50 763 21
50 797 22
23 166 50
24 108 50
25 607 50
26 985 50
50 196 27
50 906 28
29 678 50
50 306 30
31 488 50
32 419 50
33 704 50
50 700 34
50 456 35
50 325 36
37 814 50
38 179 50
50 954 39
40 837 50
41 724 50
50 430 42
43 329 50
44 854 50
50 521 45
50 669 46
50 413 47
50 143 48
50 500 49
1 571 51
51 15 2
3 390 51
51 917 4
51 22 5
51 678 6
51 98 7
51 621 8
51 819 9
51 240 10
11 231 51
51 851 12
51 743 13
51 489 14
15 323 51
51 179 16
51 913 17
51 705 18
19 29 51
51 5 20
21 91 51
51 549 22
23 397 51
51 536 24
51 175 25
51 212 26
51 158 27
51 865 28
29 869 51
30 772 51
51 488 31
32 92 51
51 746 33
51 489 34
51 83 35
36 157 51
51 101 37
38 697 51
39 125 51
40 700 51
51 580 41
51 503 42
51 668 43
51 787 44
45 883 51
51 801 46
47 56 51
51 613 48
49 164 51
50 448 51
52 375 1
52 500 2
52 970 3
4 653 52
52 372 5
6 447 52
7 439 52
8 779 52
52 682 9
10 590 52
11 30 52
12 836 52
13 226 52
14 20 52
52 931 15
52 363 16
17 44 52
18 272 52
52 110 19
52 451 20
21 497 52
52 296 22
52 262 23
24 594 52
52 383 25
26 354 52
52 642 27
52 206 28
52 303 29
30 656 52
52 803 31
32 307 52
33 840 52
52 224 34
35 757 52
36 317 52
37 102 52
52 77 38
52 676 39
40 688 52
41 125 52
52 781 42
43 475 52
52 666 44
45 239 52
52 936 46
52 80 47
48 578 52
52 605 49
50 642 52
52 660 51
1 535 53
2 306 53
3 717 53
4 94 53
53 47 5
6 491 53
53 198 7
8 207 53
9 731 53
10 931 53
11 178 53
53 432 12
53 99 13
14 443 53
15 772 53
16 583 53
17 915 53
18 847 53
53 638 19
20 497 53
21 201 53
53 883 22
23 458 53
24 225 53
53 706 25
53 316 26
53 596 27
28 751 53
53 345 29
30 83 53
31 38 53
53 779 32
33 811 53
34 716 53
53 575 35
36 336 53
53 290 37
38 149 53
53 705 39
53 695 40
41 467 53
42 250 53
53 69 43
44 904 53
45 558 53
53 445 46
53 958 47
48 877 53
49 306 53
50 114 53
53 982 51
53 914 52
54 602 1
2 545 54
3 825 54
54 836 4
54 624 5
6 173 54
54 436 7
8 602 54
54 876 9
10 241 54
11 377 54
12 345 54
13 418 54
54 658 14
54 250 15
54 825 16
54 429 17
54 152 18
54 800 19
54 701 20
21 900 54
22 662 54
23 111 54
54 496 24
25 663 54
54 512 26
27 935 54
28 154 54
54 685 29
54 548 30
54 986 31
54 643 32
33 454 54
54 330 34
35 421 54
36 102 54
37 1000 54
38 733 54
54 5 39
54 534 40
54 960 41
42 43 54
43 671 54
44 631 54
45 439 54
54 665 46
54 123 47
54 787 48
54 743 49
54 968 50
54 806 51
54 373 52
53 456 54
1 28 55
2 659 55
3 234 55
55 835 4
5 682 55
55 614 6
7 563 55
8 346 55
55 329 9
10 741 55
11 55 55
12 826 55
13 242 55
55 610 14
15 790 55
55 486 16
55 490 17
18 297 55
19 944 55
20 585 55
55 742 21
22 411 55
23 827 55
24 855 55
25 237 55
55 229 26
27 276 55
28 617 55
29 633 55
30 656 55
31 772 55
32 924 55
33 959 55
55 797 34
35 116 55
36 989 55
55 327 37
55 461 38
39 932 55
40 691 55
55 21 41
42 546 55
43 324 55
44 656 55
55 333 45
46 510 55
47 670 55
48 701 55
55 542 49
55 654 50
55 74 51
52 874 55
55 829 53
55 434 54
1 793 56
2 679 56
56 570 3
56 700 4
56 462 5
56 497 6
56 23 7
56 874 8
56 710 9
10 500 56
11 45 56
56 538 12
56 584 13
56 41 14
56 81 15
16 537 56
56 456 17
18 997 56
56 228 19
56 711 20
56 437 21
22 431 56
56 680 23
56 123 24
56 954 25
26 659 56
56 294 27
56 727 28
29 602 56
56 735 30
31 340 56
32 456 56
56 708 33
34 81 56
56 115 35
36 908 56
56 438 37
56 227 38
39 751 56
56 327 40
41 102 56
56 884 42
56 488 43
44 148 56
56 28 45
56 148 46
47 614 56
48 925 56
49 539 56
50 316 56
56 161 51
52 800 56
53 998 56
56 880 54
56 358 55
57 398 1
57 575 2
3 34 57
4 365 57
57 784 5
57 91 6
57 212 7
8 543 57
57 624 9
10 449 57
11 706 57
57 446 12
57 449 13
14 753 57
15 674 57
16 972 57
17 36 57
18 97 57
19 176 57
57 677 20
57 49 21
57 707 22
57 874 23
24 353 57
25 982 57
57 386 26
57 348 27
57 609 28
57 279 29
57 379 30
31 121 57
32 243 57
33 602 57
34 953 57
57 688 35
36 513 57
37 493 57
57 144 38
57 919 39
57 331 40
57 911 41
42 555 57
43 734 57
57 597 44
57 551 45
46 281 57
57 10 47
48 931 57
57 989 49
57 546 50
51 412 57
57 392 52
57 540 53
57 232 54
57 741 55
56 870 57
1 504 58
58 985 2
58 753 3
4 464 58
58 729 5
58 344 6
58 510 7
8 756 58
58 564 9
58 571 10
58 15 11
12 820 58
13 451 58
14 135 58
58 929 15
58 827 16
17 408 58
18 335 58
19 665 58
20 420 58
58 139 21
58 188 22
23 847 58
58 118 24
58 845 25
26 238 58
58 84 27
58 605 28
29 929 58
58 945 30
58 644 31
58 466 32
58 894 33
58 547 34
58 911 35
36 58 58
58 803 37
58 97 38
39 706 58
58 428 40
58 640 41
58 153 42
43 732 58
44 787 58
45 724 58
46 515 58
58 280 47
48 219 58
49 224 58
58 801 50
58 799 51
52 121 58
53 80 58
58 741 54
58 846 55
58 651 56
57 929 58
1 897 59
2 635 59
3 143 59
4 12 59
59 729 5
59 296 6
7 704 59
8 197 59
59 693 9
59 994 10
11 946 59
59 872 12
59 154 13
59 105 14
59 767 15
59 785 16
17 761 59
59 675 18
19 154 59
59 606 20
21 111 59
22 831 59
23 48 59
59 227 24
25 499 59
26 11 59
59 742 27
59 626 28
59 639 29
59 731 30
31 430 59
59 941 32
59 238 33
59 663 34
35 299 59
36 785 59
59 427 37
59 775 38
59 556 39
40 649 59
59 34 41
59 781 42
59 614 43
59 4 44
45 104 59
46 999 59
59 593 47
59 652 48
59 668 49
59 16 50
51 212 59
52 972 59
53 361 59
59 827 54
55 69 59
59 685 56
57 12 59
59 411 58
60 841 1
60 389 2
60 552 3
4 521 60
5 105 60
60 604 6
7 313 60
60 146 8
60 133 9
10 972 60
60 165 11
12 44 60
60 442 13
14 333 60
60 798 15
16 974 60
17 568 60
60 163 18
19 669 60
20 882 60
21 727 60
60 717 22
60 816 23
60 975 24
25 503 60
60 850 26
60 60 27
60 655 28
29 222 60
60 513 30
60 566 31
32 233 60
33 811 60
60 509 34
35 91 60
36 708 60
60 890 37
38 499 60
39 559 60
60 146 40
41 537 60
60 82 42
60 282 43
60 804 44
45 287 60
60 6 46
47 79 60
60 119 48
49 4 60
50 385 60
51 590 60
52 587 60
53 684 60
60 447 54
55 561 60
60 892 56
57 405 60
58 948 60
59 924 60
1 191 61
61 823 2
3 12 61
4 205 61
5 619 61
61 755 6
61 414 7
8 363 61
9 889 61
61 764 10
61 958 11
12 611 61
61 769 13
14 587 61
61 222 15
61 862 16
17 850 61
61 710 18
61 24 19
61 542 20
21 574 61
61 272 22
61 698 23
24 879 61
25 696 61
61 188 26
61 967 27
28 882 61
29 555 61
30 707 61
61 38 31
61 149 32
61 624 33
61 677 34
35 265 61
36 22 61
37 203 61
61 180 38
61 828 39
40 78 61
61 451 41
61 579 42
43 720 61
61 643 44
45 308 61
61 62 46
61 147 47
48 5 61
61 291 49
50 884 61
61 790 51
52 178 61
53 781 61
61 494 54
55 739 61
61 300 56
57 844 61
61 395 58
61 816 59
61 80 60
62 943 1
2 124 62
62 709 3
62 187 4
62 469 5
62 187 6
7 621 62
62 349 8
62 366 9
62 465 10
11 388 62
62 631 12
62 14 13
62 212 14
62 190 15
16 168 62
17 295 62
18 495 62
62 480 19
62 339 20
21 866 62
62 99 22
62 605 23
62 148 24
62 937 25
62 348 26
27 927 62
62 98 28
29 812 62
30 710 62
31 152 62
32 911 62
62 174 33
34 390 62
62 859 35
62 577 36
62 459 37
38 501 62
39 892 62
40 13 62
41 184 62
42 999 62
62 545 43
62 930 44
45 983 62
46 258 62
62 44 47
62 856 48
62 782 49
62 682 50
51 334 62
62 796 52
62 347 53
54 313 62
55 553 62
62 499 56
57 270 62
58 644 62
59 449 62
62 203 60
62 819 61
63 184 1
2 337 63
3 281 63
63 338 4
63 755 5
63 270 6
7 237 63
8 101 63
63 712 9
10 338 63
11 203 63
12 21 63
13 482 63
63 967 14
63 666 15
16 682 63
17 889 63
63 957 18
19 679 63
63 485 20
21 299 63
22 234 63
63 700 23
24 227 63
25 625 63
63 453 26
63 97 27
28 56 63
29 178 63
63 879 30
63 788 31
63 301 32
63 454 33
34 735 63
35 205 63
36 233 63
37 600 63
38 321 63
63 802 39
40 703 63
63 30 41
42 610 63
63 42 43
44 657 63
63 197 45
63 410 46
63 269 47
48 417 63
49 326 63
63 518 50
63 360 51
52 448 63
53 349 63
63 145 54
63 751 55
56 781 63
63 792 57
63 430 58
59 778 63
60 603 63
61 924 63
62 469 63
1 370 64
64 783 2
64 554 3
4 135 64
5 845 64
64 757 6
7 161 64
8 320 64
64 540 9
64 238 10
64 262 11
64 537 12
64 534 13
14 1000 64
64 102 15
64 310 16
17 654 64
64 890 18
19 100 64
20 722 64
21 648 64
64 978 22
64 589 23
64 205 24
25 41 64
26 886 64
27 688 64
64 952 28
29 659 64
30 267 64
31 484 64
32 725 64
64 959 33
64 285 34
35 34 64
64 373 36
37 877 64
38 851 64
39 66 64
40 95 64
41 559 64
42 206 64
64 417 43
44 162 64
45 349 64
46 446 64
64 399 47
48 272 64
64 249 49
64 545 50
51 823 64
52 543 64
53 402 64
54 809 64
64 23 55
56 572 64
64 430 57
58 393 64
59 199 64
64 446 60
61 312 64
62 732 64
63 711 64
1 501 65
65 881 2
3 289 65
65 129 4
65 109 5
65 466 6
65 511 7
8 638 65
9 843 65
10 232 65
65 801 11
12 573 65
65 682 13
14 896 65
65 63 15
16 597 65
65 850 17
65 578 18
65 897 19
20 931 65
21 78 65
22 563 65
23 416 65
65 727 24
65 201 25
65 714 26
65 482 27
65 481 28
29 837 65
65 220 30
65 193 31
65 9 32
65 287 33
34 466 65
35 322 65
65 404 36
37 522 65
38 216 65
65 749 39
65 10 40
41 830 65
42 969 65
65 270 43
65 404 44
65 989 45
65 438 46
65 478 47
65 332 48
49 418 65
65 469 50
51 694 65
52 861 65
53 6 65
54 6 65
65 562 55
65 745 56
65 160 57
65 225 58
65 294 59
65 704 60
65 24 61
65 563 62
65 880 63
65 374 64
66 97 1
66 232 2
3 249 66
4 638 66
66 273 5
66 554 6
7 761 66
66 946 8
66 470 9
66 511 10
66 318 11
66 485 12
13 646 66
66 368 14
66 1 15
66 559 16
17 27 66
18 710 66
19 997 66
20 31 66
66 569 21
22 856 66
66 172 23
24 312 66
66 518 25
66 855 26
66 704 27
28 530 66
66 693 29
66 874 30
31 883 66
32 65 66
66 422 33
34 525 66
66 252 35
66 235 36
37 549 66
38 908 66
39 503 66
66 586 40
41 430 66
42 678 66
66 719 43
66 553 44
45 882 66
66 517 46
47 922 66
48 220 66
66 57 49
66 33 50
51 201 66
52 616 66
66 852 53
54 980 66
55 555 66
56 561 66
57 701 66
58 992 66
66 381 59
60 354 66
66 526 61
62 149 66
63 792 66
64 791 66
65 370 66
67 711 1
67 758 2
67 991 3
67 452 4
67 443 5
6 290 67
67 437 7
67 282 8
9 410 67
67 564 10
67 438 11
67 773 12
13 47 67
67 870 14
15 917 67
67 696 16
67 306 17
18 223 67
19 113 67
20 835 67
21 423 67
22 361 67
67 328 23
67 323 24
25 880 67
26 632 67
67 45 27
28 119 67
67 519 29
30 873 67
67 508 31
32 65 67
67 656 33
34 580 67
67 511 35
67 279 36
37 995 67
38 64 67
39 457 67
67 782 40
41 791 67
67 818 42
67 655 43
67 626 44
67 370 45
46 290 67
67 15 47
48 188 67
49 997 67
50 738 67
67 768 51
67 857 52
53 596 67
67 715 54
67 777 55
67 178 56
67 652 57
58 829 67
59 933 67
60 285 67
67 156 61
62 651 67
67 916 63
67 208 64
65 982 67
66 353 67
1 446 68
68 101 2
68 215 3
4 716 68
5 208 68
68 926 6
7 362 68
68 116 8
9 472 68
10 262 68
11 371 68
68 264 12
13 157 68
68 986 14
15 734 68
68 62 16
68 144 17
68 610 18
19 592 68
20 93 68
68 439 21
22 768 68
68 78 23
24 921 68
25 816 68
68 292 26
27 738 68
28 794 68
68 163 29
30 321 68
68 556 31
68 194 32
33 440 68
34 928 68
35 620 68
36 673 68
37 167 68
38 511 68
68 949 39
68 511 40
68 782 41
42 661 68
43 805 68
44 285 68
68 909 45
68 613 46
47 250 68
68 960 48
68 725 49
68 204 50
68 311 51
68 299 52
68 55 53
54 344 68
55 643 68
56 391 68
57 562 68
68 976 58
68 602 59
60 98 68
68 412 61
68 218 62
68 933 63
68 418 64
65 673 68
68 877 66
68 845 67
1 380 69
2 809 69
69 595 3
69 197 4
5 222 69
6 548 69
69 522 7
8 789 69
69 845 9
69 761 10
11 768 69
69 883 12
13 979 69
14 788 69
15 457 69
69 764 16
69 544 17
69 957 18
69 663 19
69 984 20
21 28 69
69 149 22
23 68 69
69 659 24
25 671 69
26 508 69
69 446 27
28 567 69
29 701 69
69 630 30
69 415 31
69 399 32
69 609 33
69 492 34
69 288 35
36 967 69
69 221 37
38 414 69
39 770 69
40 111 69
69 83 41
69 502 42
43 217 69
69 838 44
45 716 69
69 944 46
47 790 69
48 323 69
49 346 69
69 549 50
69 79 51
69 703 52
69 11 53
69 191 54
55 821 69
56 94 69
57 621 69
58 855 69
59 417 69
60 493 69
61 208 69
62 874 69
63 227 69
64 733 69
65 389 69
66 466 69
67 321 69
68 133 69
70 529 1
70 128 2
70 969 3
4 854 70
70 557 5
6 64 70
7 211 70
70 167 8
9 958 70
10 13 70
11 174 70
12 369 70
70 452 13
70 611 14
70 998 15
70 853 16
70 457 17
70 235 18
19 718 70
20 722 70
21 591 70
22 689 70
70 111 23
70 195 24
25 494 70
26 769 70
70 885 27
28 348 70
29 338 70
70 280 30
70 58 31
70 796 32
33 805 70
70 831 34
35 514 70
36 678 70
70 766 37
38 434 70
70 515 39
70 915 40
41 109 70
42 511 70
43 382 70
44 826 70
70 233 45
70 418 46
47 902 70
48 847 70
70 408 49
50 381 70
51 724 70
70 945 52
53 155 70
54 29 70
55 997 70
56 244 70
57 380 70
70 784 58
59 897 70
70 735 60
61 973 70
62 18 70
63 832 70
70 945 64
70 78 65
70 566 66
70 906 67
70 117 68
70 393 69
1 698 71
71 611 2
3 468 71
4 846 71
71 707 5
71 2 6
7 985 71
71 350 8
71 95 9
71 501 10
71 863 11
71 271 12
13 850 71
71 155 14
15 951 71
71 291 16
17 616 71
18 101 71
71 174 19
71 613 20
21 626 71
22 730 71
71 131 23
71 377 24
25 35 71
71 821 26
71 342 27
28 287 71
29 250 71
30 685 71
31 172 71
32 12 71
71 322 33
71 809 34
71 943 35
71 588 36
71 108 37
38 694 71
39 331 71
71 824 40
71 838 41
71 750 42
71 563 43
71 759 44
71 157 45
71 366 46
47 417 71
71 245 48
71 766 49
50 189 71
51 420 71
52 893 71
71 19 53
71 580 54
55 572 71
71 348 56
71 17 57
58 911 71
71 889 59
71 260 60
61 213 71
62 854 71
71 993 63
71 961 64
71 39 65
66 120 71
67 905 71
71 372 68
71 518 69
71 621 70
72 3 1
2 545 72
3 667 72
72 989 4
72 645 5
72 111 6
72 74 7
8 842 72
72 602 9
10 595 72
11 619 72
12 272 72
13 682 72
14 169 72
72 607 15
16 45 72
17 461 72
72 921 18
19 582 72
20 680 72
21 892 72
22 394 72
23 149 72
72 266 24
25 496 72
26 61 72
72 28 27
28 499 72
29 876 72
72 833 30
31 710 72
32 363 72
72 501 33
72 494 34
72 50 35
72 663 36
37 731 72
72 104 38
39 422 72
40 859 72
41 959 72
42 170 72
72 715 43
44 506 72
45 692 72
46 476 72
72 795 47
72 663 48
49 330 72
50 371 72
51 31 72
72 486 52
72 237 53
54 932 72
55 389 72
72 197 56
72 948 57
58 484 72
72 879 59
72 161 60
61 654 72
72 423 62
63 183 72
72 118 64
72 679 65
66 875 72
67 406 72
68 742 72
72 719 69
70 232 72
71 292 72
73 493 1
73 316 2
3 470 73
73 905 4
73 255 5
73 470 6
73 387 7
8 530 73
9 182 73
73 520 10
11 824 73
73 471 12
13 212 73
73 167 14
73 895 15
73 882 16
17 122 73
73 674 18
19 587 73
73 610 20
21 835 73
22 481 73
23 667 73
73 21 24
73 264 25
26 195 73
27 940 73
73 780 28
73 792 29
73 527 30
73 258 31
73 936 32
33 963 73
34 980 73
73 931 35
73 242 36
73 835 37
73 692 38
73 833 39
40 856 73
73 696 41
73 995 42
73 106 43
73 380 44
73 223 45
73 77 46
47 198 73
48 854 73
73 94 49
50 365 73
51 604 73
73 178 52
73 222 53
54 195 73
73 128 55
56 4 73
73 221 57
73 981 58
73 805 59
60 744 73
61 384 73
73 318 62
73 995 63
73 846 64
65 913 73
73 531 66
73 701 67
68 442 73
73 595 69
73 602 70
71 18 73
72 762 73
74 623 1
2 190 74
74 566 3
74 64 4
74 929 5
6 165 74
7 773 74
8 119 74
74 724 9
10 698 74
74 123 11
74 875 12
13 631 74
14 934 74
15 827 74
16 57 74
74 899 17
18 578 74
19 658 74
74 877 20
74 857 21
22 631 74
74 342 23
24 203 74
74 973 25
26 662 74
74 200 27
28 197 74
74 801 29
74 980 30
74 43 31
74 611 32
74 551 33
74 181 34
74 657 35
74 504 36
74 616 37
38 82 74
74 49 39
74 65 40
74 250 41
42 317 74
74 790 43
44 728 74
74 504 45
46 8 74
47 663 74
74 599 48
49 388 74
74 349 50
74 70 51
74 609 52
74 378 53
54 768 74
74 80 55
74 218 56
57 417 74
74 169 58
59 712 74
60 302 74
74 683 61
74 766 62
74 96 63
74 407 64
74 350 65
74 645 66
74 957 67
68 928 74
69 470 74
70 95 74
71 149 74
74 46 72
74 313 73
1 880 75
75 120 2
3 447 75
4 199 75
5 435 75
6 640 75
75 346 7
75 884 8
75 643 9
10 351 75
11 854 75
12 332 75
13 252 75
75 276 14
75 327 15
16 2 75
17 47 75
75 185 18
19 522 75
20 980 75
75 276 21
22 3 75
75 642 23
24 190 75
25 138 75
75 615 26
27 931 75
75 225 28
29 74 75
75 974 30
75 412 31
32 240 75
75 314 33
75 972 34
75 786 35
75 183 36
37 293 75
75 507 38
39 551 75
40 153 75
75 535 41
42 239 75
43 313 75
44 436 75
45 255 75
46 502 75
75 94 47
48 547 75
75 869 49
75 822 50
51 198 75
52 424 75
53 130 75
54 466 75
75 329 55
56 603 75
75 759 57
75 507 58
75 983 59
60 4 75
61 398 75
62 407 75
75 222 63
75 561 64
75 877 65
75 896 66
67 798 75
75 948 68
69 977 75
70 675 75
75 745 71
72 637 75
75 742 73
75 644 74
1 46 76
2 423 76
76 748 3
4 315 76
5 20 76
6 393 76
76 134 7
8 997 76
76 251 9
10 899 76
76 421 11
76 537 12
76 671 13
76 283 14
15 953 76
76 68 16
76 470 17
76 539 18
76 271 19
20 476 76
21 304 76
76 977 22
23 789 76
24 182 76
76 391 25
26 939 76
27 786 76
76 429 28
29 980 76
30 804 76
31 484 76
32 536 76
33 928 76
76 840 34
76 729 35
76 246 36
37 836 76
38 664 76
39 847 76
76 840 40
41 224 76
76 234 42
43 591 76
76 835 44
76 864 45
46 784 76
47 819 76
48 480 76
49 725 76
50 483 76
76 441 51
76 810 52
53 359 76
54 795 76
55 919 76
76 220 56
57 248 76
58 486 76
59 318 76
60 596 76
61 812 76
76 564 62
76 36 63
64 72 76
65 629 76
76 378 66
67 353 76
68 835 76
69 634 76
70 939 76
71 899 76
76 748 72
76 943 73
76 615 74
75 669 76
1 716 77
2 184 77
3 454 77
77 82 4
77 466 5
6 296 77
7 30 77
8 783 77
9 748 77
10 990 77
77 45 11
12 783 77
77 948 13
77 582 14
77 283 15
16 64 77
17 565 77
18 430 77
19 910 77
20 234 77
77 576 21
22 759 77
77 20 23
24 496 77
25 215 77
77 963 26
27 847 77
28 607 77
29 437 77
77 758 30
77 880 31
32 691 77
77 417 33
34 612 77
35 971 77
36 161 77
77 37 37
38 602 77
77 218 39
77 831 40
77 695 41
77 601 42
43 248 77
44 904 77
77 331 45
46 5 77
77 637 47
77 44 48
77 875 49
77 45 50
51 873 77
52 499 77
53 156 77
54 954 77
55 351 77
56 746 77
57 750 77
58 754 77
77 711 59
77 998 60
77 95 61
62 742 77
63 240 77
77 534 64
65 853 77
77 279 66
67 672 77
68 789 77
77 207 69
70 728 77
77 601 71
72 276 77
77 422 73
74 701 77
77 691 75
76 191 77
78 525 1
2 305 78
78 672 3
4 830 78
5 226 78
6 853 78
78 759 7
78 387 8
9 368 78
10 780 78
78 704 11
78 243 12
13 338 78
14 91 78
15 9 78
16 29 78
17 734 78
18 726 78
78 123 19
78 752 20
78 452 21
22 326 78
78 60 23
78 658 24
78 698 25
26 358 78
78 369 27
78 474 28
29 262 78
30 181 78
78 48 31
32 911 78
33 694 78
78 454 34
78 776 35
36 9 78
37 935 78
38 778 78
78 757 39
78 493 40
78 328 41
42 448 78
78 524 43
78 63 44
78 242 45
46 938 78
47 399 78
78 424 48
49 102 78
78 161 50
51 453 78
52 254 78
78 235 53
78 59 54
78 777 55
56 387 78
78 979 57
58 384 78
59 653 78
60 997 78
61 65 78
62 357 78
63 748 78
78 36 64
78 354 65
66 983 78
78 65 67
68 635 78
78 805 69
70 25 78
78 711 71
72 238 78
73 167 78
74 585 78
78 381 75
76 802 78
77 991 78
1 4 79
2 157 79
3 498 79
79 35 4
5 626 79
6 858 79
79 557 7
79 334 8
9 228 79
79 700 10
11 228 79
12 774 79
79 234 13
14 346 79
15 465 79
16 646 79
17 225 79
79 994 18
79 708 19
79 661 20
21 721 79
22 671 79
23 519 79
24 688 79
79 357 25
26 968 79
79 353 27
79 827 28
29 4 79
30 801 79
31 1000 79
32 935 79
79 492 33
34 721 79
35 439 79
79 369 36
79 550 37
38 391 79
39 55 79
40 647 79
41 356 79
79 697 42
79 202 43
79 824 44
45 887 79
79 874 46
47 610 79
79 814 48
79 886 49
79 983 50
51 488 79
52 522 79
79 656 53
79 343 54
79 809 55
79 461 56
57 410 79
58 869 79
59 955 79
79 655 60
79 109 61
62 211 79
63 413 79
79 278 64
65 766 79
79 796 66
67 220 79
79 939 68
69 729 79
79 398 70
79 122 71
79 52 72
73 432 79
79 307 74
79 504 75
76 602 79
79 836 77
79 3 78
1 325 80
2 832 80
80 831 3
80 727 4
80 447 5
80 583 6
7 272 80
80 996 8
80 709 9
10 95 80
11 101 80
12 65 80
80 23 13
80 46 14
15 119 80
80 759 16
17 533 80
80 990 18
19 847 80
80 589 20
21 189 80
80 311 22
23 359 80
24 93 80
25 200 80
80 689 26
27 363 80
80 687 28
29 756 80
30 699 80
80 85 31
80 367 32
80 644 33
80 637 34
35 400 80
80 309 36
37 898 80
38 750 80
39 437 80
40 506 80
80 591 41
80 499 42
43 993 80
44 610 80
80 594 45
46 373 80
80 640 47
80 314 48
49 548 80
50 926 80
51 802 80
52 70 80
53 829 80
80 311 54
80 219 55
80 87 56
57 799 80
80 801 58
59 377 80
60 528 80
80 815 61
62 150 80
63 222 80
64 36 80
80 660 65
66 899 80
67 101 80
80 270 68
80 48 69
70 357 80
80 226 71
80 637 72
73 139 80
80 284 74
80 946 75
76 337 80
77 527 80
78 712 80
79 170 80
81 510 1
81 607 2
81 95 3
4 339 81
5 292 81
6 32 81
81 817 7
8 426 81
9 160 81
10 425 81
11 8 81
81 710 12
13 187 81
14 791 81
15 23 81
16 347 81
17 621 81
18 313 81
19 85 81
81 395 20
81 254 21
81 459 22
23 918 81
24 60 81
25 265 81
81 589 26
81 823 27
81 725 28
29 669 81
81 99 30
81 620 31
81 426 32
33 561 81
81 760 34
35 151 81
36 702 81
37 227 81
81 171 38
81 103 39
40 168 81
81 997 41
42 756 81
43 835 81
44 71 81
45 84 81
46 320 81
47 73 81
48 127 81
81 654 49
50 631 81
81 760 51
52 397 81
81 840 53
81 663 54
81 62 55
56 959 81
57 386 81
81 2 58
59 527 81
60 996 81
61 56 81
81 538 62
81 651 63
81 955 64
65 181 81
66 28 81
67 146 81
81 824 68
69 942 81
70 866 81
81 110 71
72 473 81
81 24 73
81 115 74
81 853 75
81 39 76
81 127 77
78 277 81
79 650 81
81 599 80
82 516 1
82 35 2
82 551 3
82 400 4
82 993 5
6 361 82
82 281 7
8 519 82
82 365 9
10 684 82
11 952 82
82 477 12
82 847 13
82 551 14
15 466 82
16 211 82
82 392 17
82 679 18
19 323 82
82 724 20
21 586 82
82 848 22
82 610 23
82 608 24
82 887 25
26 185 82
27 955 82
28 706 82
29 999 82
30 523 82
82 500 31
32 39 82
82 977 33
34 87 82
82 639 35
36 846 82
37 397 82
38 644 82
82 923 39
82 951 40
41 428 82
42 240 82
43 943 82
44 284 82
45 981 82
46 502 82
82 788 47
48 508 82
49 549 82
50 278 82
51 302 82
82 278 52
82 370 53
54 578 82
55 119 82
56 867 82
82 892 57
82 556 58
59 776 82
82 548 60
82 9 61
82 669 62
82 349 63
64 747 82
82 3 65
66 368 82
67 379 82
82 941 68
82 999 69
70 221 82
71 176 82
72 548 82
82 645 73
74 418 82
82 895 75
76 963 82
82 679 77
78 228 82
79 767 82
80 203 82
82 729 81
1 227 83
2 296 83
83 715 3
83 531 4
5 11 83
83 417 6
7 276 83
8 205 83
83 735 9
10 600 83
83 778 11
12 672 83
83 640 13
14 967 83
83 142 15
16 757 83
17 499 83
83 223 18
83 712 19
20 388 83
21 72 83
22 236 83
83 914 23
83 851 24
25 638 83
83 653 26
83 848 27
28 497 83
83 445 29
83 558 30
83 460 31
32 398 83
33 283 83
83 956 34
35 590 83
83 401 36
37 8 83
83 516 38
39 288 83
83 733 40
41 293 83
42 64 83
83 335 43
44 41 83
45 439 83
46 663 83
83 533 47
83 811 48
83 170 49
50 1000 83
51 836 83
52 248 83
83 176 53
83 115 54
83 621 55
56 594 83
57 377 83
83 284 58
59 622 83
83 967 60
83 92 61
62 68 83
63 10 83
83 554 64
65 603 83
83 14 66
67 195 83
83 768 68
83 892 69
70 771 83
71 562 83
72 280 83
83 892 73
83 395 74
75 119 83
83 936 76
83 175 77
83 969 78
79 268 83
80 489 83
83 330 81
82 25 83
84 139 1
2 126 84
3 954 84
4 392 84
84 113 5
84 958 6
7 61 84
84 840 8
9 322 84
84 476 10
11 677 84
84 151 12
84 83 13
84 327 14
15 349 84
84 851 16
17 38 84
18 387 84
19 468 84
20 668 84
21 968 84
84 43 22
84 967 23
24 862 84
25 935 84
26 344 84
27 347 84
84 41 28
84 191 29
84 835 30
31 248 84
32 575 84
84 516 33
84 691 34
84 17 35
84 849 36
84 665 37
84 236 38
39 639 84
40 182 84
41 255 84
42 508 84
84 669 43
84 81 44
84 913 45
46 467 84
47 671 84
84 558 48
84 404 49
84 967 50
51 20 84
52 818 84
53 676 84
84 608 54
55 410 84
56 476 84
57 954 84
84 598 58
59 168 84
60 371 84
84 73 61
84 662 62
84 94 63
84 653 64
84 48 65
84 947 66
67 929 84
84 336 68
69 370 84
70 15 84
71 660 84
72 545 84
73 833 84
74 997 84
84 664 75
76 672 84
84 721 77
78 585 84
79 107 84
84 580 80
84 448 81
82 543 84
84 878 83
85 152 1
2 475 85
3 413 85
85 377 4
5 185 85
85 372 6
85 310 7
8 961 85
85 339 9
85 832 10
85 908 11
12 690 85
85 247 13
14 604 85
85 289 15
16 223 85
17 699 85
18 584 85
19 450 85
20 150 85
21 638 85
22 140 85
85 865 23
24 657 85
25 358 85
85 623 26
85 685 27
85 959 28
85 32 29
85 558 30
31 200 85
32 569 85
33 331 85
85 529 34
85 349 35
36 48 85
37 210 85
85 345 38
39 380 85
85 947 40
41 244 85
42 998 85
43 43 85
85 894 44
85 402 45
46 645 85
47 522 85
48 591 85
49 116 85
85 455 50
85 323 51
52 346 85
85 552 53
85 412 54
55 741 85
56 261 85
57 104 85
58 710 85
59 404 85
60 325 85
61 231 85
85 307 62
63 662 85
85 167 64
85 175 65
66 298 85
85 772 67
68 851 85
85 866 69
85 822 70
85 227 71
72 50 85
85 772 73
85 808 74
75 590 85
85 808 76
77 665 85
78 662 85
79 10 85
80 924 85
85 496 81
82 98 85
83 445 85
84 237 85
1 371 86
86 198 2
86 268 3
4 447 86
86 762 5
6 603 86
86 120 7
86 627 8
9 675 86
86 721 10
11 932 86
86 756 12
13 833 86
86 665 14
86 606 15
86 174 16
17 590 86
18 782 86
19 575 86
20 497 86
21 341 86
86 137 22
86 401 23
24 955 86
86 1 25
86 500 26
27 492 86
86 419 28
86 459 29
86 374 30
86 93 31
86 825 32
86 596 33
86 77 34
86 827 35
86 756 36
86 232 37
38 42 86
39 951 86
86 628 40
86 3 41
86 390 42
86 271 43
86 525 44
45 915 86
46 931 86
86 71 47
86 893 48
86 337 49
50 301 86
51 926 86
86 572 52
53 837 86
86 631 54
55 296 86
56 178 86
86 301 57
58 234 86
86 685 59
86 695 60
86 441 61
62 791 86
63 845 86
64 156 86
86 854 65
66 822 86
86 206 67
68 327 86
86 854 69
70 135 86
86 500 71
86 347 72
73 280 86
86 590 74
86 107 75
76 70 86
86 906 77
86 28 78
79 340 86
86 388 80
86 943 81
82 152 86
83 522 86
86 88 84
86 110 85
1 508 87
87 615 2
87 43 3
4 25 87
87 228 5
6 896 87
87 517 7
87 910 8
87 529 9
10 450 87
87 592 11
12 486 87
87 411 13
87 384 14
87 637 15
87 303 16
17 998 87
87 842 18
87 534 19
87 89 20
87 947 21
87 875 22
87 338 23
87 113 24
87 696 25
87 759 26
87 615 27
87 157 28
29 746 87
87 119 30
87 601 31
32 493 87
87 565 33
34 915 87
35 57 87
36 962 87
87 582 37
38 131 87
87 49 39
40 406 87
87 776 41
42 41 87
87 139 43
87 63 44
45 26 87
87 862 46
87 409 47
87 185 48
49 810 87
87 976 50
51 448 87
87 535 52
87 131 53
87 668 54
55 134 87
87 374 56
87 362 57
58 470 87
59 594 87
60 686 87
87 95 61
87 731 62
87 178 63
64 102 87
87 558 65
87 983 66
67 527 87
68 819 87
87 388 69
70 39 87
71 430 87
87 821 72
87 887 73
74 781 87
87 384 75
76 134 87
87 471 77
78 564 87
87 400 79
80 607 87
87 745 81
82 31 87
87 948 83
87 56 84
87 962 85
86 290 87
88 909 1
2 300 88
3 111 88
88 588 4
88 617 5
88 863 6
88 523 7
88 280 8
9 432 88
10 613 88
88 427 11
88 167 12
13 707 88
14 881 88
15 747 88
16 235 88
17 760 88
18 22 88
19 563 88
88 106 20
88 410 21
22 845 88
88 52 23
88 469 24
88 542 25
26 564 88
27 181 88
28 476 88
29 856 88
88 503 30
31 658 88
32 232 88
33 60 88
34 798 88
35 395 88
88 373 36
37 800 88
88 267 38
88 859 39
40 586 88
88 454 41
88 294 42
43 607 88
88 447 44
45 864 88
88 735 46
47 54 88
88 393 48
49 404 88
50 663 88
51 200 88
52 860 88
53 407 88
88 851 54
88 247 55
56 582 88
88 198 57
88 13 58
59 34 88
60 676 88
88 727 61
88 609 62
63 809 88
64 355 88
88 918 65
66 210 88
88 666 67
68 261 88
69 539 88
88 431 70
88 98 71
72 503 88
88 793 73
88 933 74
75 183 88
76 635 88
88 938 77
78 585 88
88 458 79
88 902 80
88 885 81
82 570 88
88 554 83
88 615 84
85 114 88
88 89 86
88 931 87
89 627 1
89 708 2
3 231 89
89 374 4
89 378 5
6 69 89
89 553 7
89 178 8
89 727 9
10 896 89
11 882 89
12 936 89
13 49 89
89 719 14
89 93 15
16 476 89
17 193 89
89 260 18
89 838 19
20 367 89
21 319 89
89 885 22
23 524 89
89 825 24
25 229 89
89 976 26
89 844 27
28 116 89
89 776 29
89 966 30
31 149 89
32 636 89
33 615 89
34 821 89
89 436 35
36 91 89
89 913 37
89 46 38
89 92 39
40 881 89
41 95 89
42 677 89
89 715 43
89 480 44
89 771 45
46 822 89
47 244 89
48 253 89
89 452 49
50 964 89
89 28 51
52 635 89
89 415 53
54 196 89
89 35 55
56 473 89
89 612 57
58 505 89
59 778 89
89 84 60
61 738 89
62 153 89
63 563 89
64 375 89
89 775 65
89 877 66
89 537 67
89 622 68
69 383 89
89 86 70
71 605 89
72 347 89
89 888 73
89 98 74
75 738 89
89 415 76
77 849 89
78 37 89
89 301 79
80 498 89
89 709 81
89 524 82
89 501 83
89 374 84
85 448 89
89 461 86
89 515 87
88 222 89
1 164 90
90 115 2
3 310 90
90 220 4
90 480 5
90 758 6
7 270 90
90 487 8
9 310 90
10 119 90
11 490 90
12 723 90
13 256 90
90 384 14
90 128 15
90 291 16
17 958 90
18 298 90
90 241 19
90 953 20
90 518 21
90 376 22
23 87 90
24 342 90
25 456 90
90 569 26
27 91 90
28 949 90
29 861 90
90 43 30
90 615 31
90 562 32
90 836 33
90 563 34
90 589 35
90 145 36
37 936 90
38 537 90
39 722 90
90 112 40
41 98 90
90 167 42
90 595 43
90 942 44
90 78 45
90 794 46
47 938 90
48 997 90
49 316 90
50 450 90
90 821 51
52 106 90
53 822 90
54 788 90
55 803 90
90 238 56
57 969 90
58 654 90
90 891 59
90 629 60
61 410 90
62 266 90
90 68 63
64 931 90
90 854 65
66 980 90
67 363 90
68 206 90
69 181 90
90 134 70
90 860 71
90 39 72
73 509 90
90 563 74
75 480 90
90 386 76
90 831 77
78 775 90
79 950 90
80 149 90
81 799 90
90 941 82
90 810 83
84 142 90
85 469 90
86 875 90
90 231 87
90 980 88
90 627 89
91 576 1
91 434 2
91 463 3
91 755 4
5 662 91
91 276 6
91 316 7
8 831 91
91 547 9
10 844 91
11 201 91
91 828 12
13 449 91
14 967 91
15 655 91
16 467 91
17 876 91
91 244 18
19 948 91
91 277 20
91 675 21
91 617 22
91 560 23
91 19 24
25 64 91
26 371 91
91 656 27
91 559 28
91 907 29
91 934 30
91 734 31
32 931 91
33 291 91
34 74 91
91 850 35
91 556 36
37 611 91
91 926 38
91 617 39
91 362 40
41 835 91
42 795 91
91 620 43
44 239 91
91 869 45
46 511 91
91 796 47
48 929 91
49 784 91
91 885 50
91 528 51
91 662 52
91 963 53
54 158 91
91 857 55
56 299 91
91 47 57
58 582 91
59 341 91
91 457 60
61 950 91
62 901 91
91 823 63
64 837 91
65 450 91
91 736 66
91 632 67
68 642 91
91 861 69
91 523 70
91 119 71
91 876 72
91 800 73
91 166 74
75 676 91
91 412 76
77 472 91
78 513 91
91 402 79
91 411 80
91 467 81
91 821 82
91 954 83
91 53 84
85 713 91
91 417 86
87 828 91
88 772 91
91 181 89
90 526 91
92 369 1
2 70 92
92 73 3
4 31 92
5 876 92
6 532 92
92 321 7
8 912 92
92 239 9
10 623 92
11 737 92
12 906 92
13 345 92
92 89 14
15 392 92
92 352 16
17 981 92
18 213 92
92 789 19
20 81 92
92 846 21
92 421 22
23 968 92
24 466 92
25 14 92
26 326 92
92 122 27
92 927 28
92 614 29
92 122 30
31 758 92
32 782 92
33 231 92
92 569 34
35 545 92
92 1 36
92 88 37
92 197 38
39 437 92
92 22 40
41 713 92
92 769 42
43 817 92
92 380 44
92 267 45
46 892 92
92 269 47
92 764 48
49 58 92
50 752 92
51 432 92
52 346 92
92 291 53
92 346 54
55 124 92
56 542 92
92 311 57
92 613 58
59 34 92
60 427 92
61 794 92
62 896 92
63 287 92
64 524 92
65 269 92
92 744 66
92 984 67
68 494 92
69 79 92
70 315 92
71 274 92
72 326 92
92 18 73
92 251 74
75 66 92
76 367 92
77 674 92
92 610 78
79 843 92
92 511 80
81 456 92
82 288 92
92 230 83
84 400 92
92 205 85
92 415 86
92 915 87
88 334 92
92 106 89
92 815 90
91 549 92
93 298 1
2 308 93
93 395 3
4 36 93
5 2 93
6 637 93
7 510 93
93 756 8
93 642 9
10 389 93
93 971 11
12 251 93
13 843 93
93 648 14
15 185 93
93 432 16
93 790 17
93 224 18
19 799 93
93 799 20
93 902 21
93 507 22
23 737 93
93 441 24
93 799 25
93 72 26
93 71 27
28 568 93
29 855 93
93 683 30
93 151 31
32 239 93
93 855 33
34 288 93
35 846 93
93 392 36
37 349 93
93 852 38
93 816 39
93 184 40
41 594 93
42 991 93
43 401 93
93 341 44
45 643 93
46 261 93
93 935 47
93 431 48
93 726 49
93 796 50
51 783 93
52 324 93
53 891 93
93 223 54
93 256 55
93 22 56
57 604 93
58 905 93
59 407 93
93 607 60
61 179 93
93 718 62
93 312 63
64 501 93
65 150 93
66 131 93
67 214 93
93 200 68
93 417 69
70 254 93
71 520 93
93 599 72
93 993 73
93 608 74
75 177 93
76 715 93
93 968 77
93 758 78
93 321 79
80 20 93
93 170 81
93 567 82
93 661 83
93 599 84
93 523 85
93 136 86
93 583 87
93 265 88
89 987 93
93 435 90
91 659 93
92 429 93
94 999 1
2 510 94
3 600 94
94 809 4
5 44 94
94 296 6
94 351 7
8 23 94
9 522 94
10 974 94
11 148 94
94 103 12
13 364 94
14 348 94
94 942 15
94 354 16
94 440 17
94 903 18
19 204 94
94 97 20
94 399 21
94 750 22
23 701 94
94 587 24
25 498 94
26 145 94
94 4 27
94 190 28
29 838 94
94 922 30
31 239 94
32 693 94
33 158 94
94 105 34
94 882 35
94 760 36
94 668 37
38 179 94
39 485 94
94 922 40
94 452 41
42 770 94
43 615 94
94 971 44
45 389 94
46 791 94
94 76 47
94 325 48
94 797 49
94 564 50
94 154 51
94 539 52
94 576 53
94 6 54
94 981 55
94 365 56
94 140 57
58 440 94
94 714 59
60 257 94
61 724 94
62 107 94
94 942 63
94 836 64
65 182 94
94 217 66
94 259 67
68 718 94
69 219 94
70 473 94
94 939 71
72 972 94
94 803 73
94 188 74
94 52 75
76 718 94
77 227 94
78 446 94
94 673 79
94 688 80
94 420 81
82 912 94
83 449 94
94 863 84
94 305 85
94 555 86
94 687 87
88 825 94
94 901 89
94 775 90
94 677 91
92 758 94
94 54 93
95 793 1
2 45 95
3 342 95
95 658 4
5 402 95
95 773 6
7 304 95
8 196 95
95 836 9
95 950 10
11 186 95
95 283 12
95 473 13
14 977 95
15 406 95
16 712 95
95 844 17
95 199 18
95 833 19
95 929 20
95 944 21
95 964 22
23 287 95
24 487 95
95 919 25
95 503 26
95 674 27
28 744 95
95 346 29
30 201 95
95 490 31
32 554 95
33 152 95
95 871 34
95 134 35
95 909 36
37 738 95
95 365 38
39 672 95
40 268 95
41 579 95
42 249 95
43 823 95
44 512 95
95 396 45
95 74 46
47 414 95
95 360 48
95 229 49
50 139 95
51 250 95
95 320 52
53 256 95
54 687 95
95 856 55
56 117 95
95 480 57
58 66 95
95 869 59
95 475 60
95 799 61
95 690 62
95 567 63
95 835 64
95 252 65
95 9 66
67 840 95
68 5 95
69 443 95
70 928 95
71 44 95
95 822 72
95 367 73
74 617 95
95 864 75
76 621 95
77 11 95
95 321 78
95 698 79
80 559 95
95 662 81
82 304 95
95 223 83
95 589 84
95 436 85
86 79 95
95 71 87
88 392 95
95 489 89
90 92 95
91 229 95
92 761 95
95 936 93
94 5 95
96 450 1
2 318 96
3 306 96
4 127 96
5 474 96
96 684 6
96 259 7
8 305 96
96 134 9
96 958 10
96 526 11
12 34 96
96 520 13
14 408 96
96 664 15
16 628 96
17 518 96
18 554 96
96 882 19
20 715 96
21 365 96
22 20 96
23 360 96
96 750 24
25 870 96
26 995 96
96 358 27
28 633 96
29 598 96
96 637 30
31 570 96
96 124 32
96 368 33
96 22 34
96 789 35
36 900 96
37 221 96
96 48 38
39 116 96
40 524 96
41 964 96
96 112 42
96 659 43
96 152 44
96 852 45
46 635 96
96 304 47
96 213 48
49 941 96
50 861 96
96 885 51
96 688 52
96 415 53
54 833 96
96 919 55
96 346 56
57 779 96
58 802 96
59 60 96
96 412 60
61 430 96
62 188 96
96 961 63
64 349 96
96 171 65
66 648 96
96 985 67
96 5 68
69 711 96
96 923 70
71 914 96
96 605 72
96 736 73
74 658 96
96 986 75
76 886 96
77 719 96
96 835 78
79 103 96
80 202 96
81 285 96
96 995 82
83 147 96
84 362 96
96 538 85
86 328 96
87 542 96
88 685 96
89 272 96
96 66 90
91 390 96
92 362 96
96 910 93
96 507 94
95 321 96
97 99 1
97 297 2
3 415 97
4 755 97
97 646 5
97 444 6
97 346 7
97 707 8
9 489 97
97 688 10
97 765 11
97 991 12
97 936 13
14 710 97
97 21 15
97 536 16
97 206 17
97 921 18
19 872 97
97 321 20
21 566 97
22 530 97
23 500 97
97 89 24
97 813 25
97 619 26
97 14 27
28 808 97
97 223 29
30 684 97
97 380 31
32 629 97
97 786 33
34 44 97
35 8 97
36 558 97
37 202 97
38 287 97
39 721 97
97 57 40
41 18 97
42 598 97
97 967 43
97 207 44
97 524 45
97 533 46
97 131 47
97 857 48
97 173 49
97 613 50
97 409 51
97 338 52
53 232 97
54 522 97
97 507 55
56 652 97
57 661 97
58 519 97
97 579 59
97 270 60
97 878 61
62 244 97
97 484 63
64 275 97
65 46 97
97 962 66
67 925 97
68 38 97
69 230 97
70 493 97
71 684 97
72 385 97
73 974 97
74 144 97
97 331 75
97 69 76
77 532 97
97 735 78
97 746 79
80 596 97
81 932 97
97 333 82
97 609 83
97 466 84
85 204 97
97 654 86
97 783 87
97 674 88
97 618 89
90 567 97
97 892 91
97 917 92
93 644 97
97 618 94
97 951 95
97 413 96
1 692 98
98 661 2
98 477 3
4 471 98
98 526 5
6 129 98
7 647 98
8 727 98
98 695 9
98 745 10
11 910 98
98 558 12
98 701 13
14 353 98
15 238 98
98 702 16
98 237 17
98 549 18
98 556 19
20 830 98
98 781 21
98 539 22
23 885 98
98 328 24
98 950 25
26 1 98
98 613 27
98 824 28
29 109 98
30 488 98
31 329 98
98 40 32
33 22 98
34 331 98
98 345 35
36 406 98
98 965 37
38 384 98
39 621 98
98 127 40
98 107 41
98 956 42
43 931 98
44 204 98
98 914 45
46 70 98
47 539 98
48 594 98
49 870 98
98 401 50
98 23 51
98 345 52
98 119 53
54 637 98
55 761 98
98 266 56
57 894 98
98 432 58
59 211 98
98 723 60
98 220 61
62 853 98
63 142 98
98 247 64
65 210 98
98 622 66
98 95 67
68 350 98
98 448 69
70 174 98
98 36 71
72 500 98
73 38 98
98 711 74
75 855 98
76 405 98
77 904 98
78 122 98
79 940 98
98 670 80
98 697 81
98 182 82
98 205 83
84 655 98
85 960 98
86 887 98
98 616 87
88 812 98
89 303 98
90 159 98
98 1 91
92 899 98
93 926 98
98 923 94
95 209 98
96 728 98
98 339 97
99 996 1
2 435 99
3 355 99
99 451 4
99 86 5
6 295 99
99 315 7
8 826 99
9 693 99
10 101 99
11 468 99
99 163 12
13 898 99
14 511 99
15 76 99
99 916 16
17 518 99
18 259 99
19 76 99
20 857 99
21 86 99
99 796 22
99 234 23
99 492 24
99 124 25
99 212 26
99 122 27
99 654 28
29 990 99
30 848 99
99 221 31
99 221 32
33 439 99
34 584 99
35 2 99
36 513 99
37 332 99
99 497 38
99 24 39
99 100 40
41 730 99
99 473 42
43 190 99
99 734 44
45 338 99
46 6 99
47 769 99
48 370 99
49 566 99
99 612 50
51 765 99
52 505 99
99 685 53
54 809 99
99 679 55
99 409 56
99 378 57
99 919 58
59 991 99
99 865 60
99 355 61
62 309 99
99 747 63
99 812 64
99 941 65
99 106 66
67 222 99
99 967 68
69 109 99
99 735 70
71 87 99
72 913 99
73 561 99
74 496 99
75 462 99
99 526 76
99 437 77
78 879 99
79 9 99
80 160 99
99 386 81
99 652 82
83 725 99
84 850 99
99 225 85
86 237 99
87 264 99
99 2 88
89 957 99
90 766 99
99 835 91
92 515 99
99 270 93
99 510 94
95 301 99
99 812 96
99 225 97
99 270 98
1 635 100
100 137 2
3 892 100
100 846 4
100 99 5
100 916 6
7 160 100
8 725 100
9 592 100
100 543 10
100 792 11
100 244 12
13 80 100
100 400 14
15 494 100
100 208 16
17 448 100
100 545 18
100 893 19
100 715 20
21 177 100
100 851 22
100 569 23
24 334 100
100 852 25
26 760 100
27 186 100
100 701 28
29 929 100
30 162 100
100 223 31
32 743 100
33 205 100
34 722 100
35 790 100
100 496 36
37 570 100
100 544 38
39 298 100
100 748 40
41 584 100
100 524 42
100 950 43
44 947 100
100 985 45
100 144 46
47 190 100
100 868 48
100 690 49
100 714 50
51 774 100
52 999 100
53 750 100
54 353 100
100 329 55
56 810 100
57 285 100
100 979 58
59 19 100
60 967 100
100 441 61
100 368 62
63 122 100
100 465 64
65 689 100
100 7 66
67 663 100
68 730 100
100 94 69
70 427 100
100 611 71
72 514 100
100 906 73
100 634 74
75 100 100
100 470 76
100 649 77
78 690 100
100 7 79
80 202 100
100 120 81
100 176 82
83 999 100
84 972 100
85 138 100
100 927 86
100 427 87
88 311 100
100 290 89
90 817 100
91 718 100
100 832 92
93 794 100
94 436 100
95 320 100
100 857 96
97 66 100
100 12 98
99 762 100
101 200 1
2 996 101
101 265 3
101 95 4
5 403 101
101 979 6
101 893 7
8 622 101
9 762 101
101 516 10
101 764 11
12 507 101
13 16 101
101 437 14
15 752 101
101 629 16
17 32 101
18 619 101
19 312 101
101 906 20
21 688 101
22 447 101
101 413 23
24 903 101
101 524 25
26 888 101
101 921 27
28 356 101
101 34 29
101 636 30
31 60 101
32 492 101
101 38 33
101 87 34
101 932 35
36 26 101
37 34 101
101 799 38
39 376 101
40 622 101
41 91 101
101 414 42
101 433 43
44 871 101
45 850 101
46 918 101
101 782 47
48 803 101
101 485 49
101 435 50
51 890 101
101 306 52
53 746 101
101 657 54
55 484 101
56 105 101
57 815 101
58 23 101
59 291 101
101 938 60
61 881 101
101 859 62
101 940 63
101 872 64
101 584 65
66 413 101
101 354 67
68 792 101
101 651 69
70 336 101
71 272 101
72 635 101
101 925 73
101 170 74
75 893 101
101 704 76
101 619 77
78 61 101
79 261 101
80 974 101
81 776 101
82 430 101
83 256 101
101 775 84
101 352 85
86 795 101
101 58 87
101 729 88
101 221 89
101 354 90
91 710 101
101 6 92
93 537 101
101 228 94
95 887 101
101 643 96
97 401 101
101 816 98
99 189 101
100 797 101
55 8
