1002
2 3 1
3 1 2
3 3 4
2 5 5
6 1 1
6 2 2
3 1 6
6 3 4
6 2 5
7 1 1
7 1 2
7 4 3
7 2 4
7 5 5
6 3 7
1 4 8
3 5 8
8 4 4
8 5 5
6 5 8
7 4 8
2 2 9
9 2 8
4 4 10
8 2 10
3 2 11
5 2 11
11 5 6
7 2 11
8 2 11
12 3 2
3 3 12
4 1 12
5 2 12
6 4 12
7 3 12
12 3 8
12 5 9
10 2 12
12 3 11
13 3 1
13 3 3
4 3 13
13 5 5
13 2 6
13 1 7
13 5 8
13 5 9
13 3 10
13 2 11
2 5 14
14 3 3
4 2 14
8 5 14
10 4 14
3 3 15
9 4 15
15 2 13
3 5 16
16 3 8
14 1 16
1 3 17
8 5 17
11 3 17
13 4 17
17 5 14
16 3 17
7 5 18
8 3 18
18 3 13
1 4 19
19 3 17
19 5 2
19 2 6
19 4 7
8 2 19
19 4 12
19 1 13
19 1 14
20 4 8
1 4 21
21 1 3
5 4 21
21 4 11
12 4 21
3 2 22
22 1 19
22 1 4
22 2 21
22 4 12
22 4 13
19 1 23
22 2 23
23 3 7
23 3 8
23 2 11
23 1 12
2 4 24
19 5 24
24 5 3
7 2 24
24 5 9
11 1 24
12 5 24
13 1 24
9 2 25
26 5 2
21 3 26
26 3 6
7 3 26
26 2 8
9 5 26
12 2 26
26 1 13
14 2 26
19 2 27
4 4 27
27 5 22
27 1 8
13 2 27
28 1 7
28 2 8
28 3 11
12 3 28
1 1 29
29 1 3
20 3 29
29 3 24
17 2 30
30 1 3
19 5 30
5 5 30
7 4 30
30 1 23
24 4 30
13 4 30
30 1 14
1 1 31
18 3 31
31 3 19
31 2 3
31 2 4
31 5 7
31 3 11
31 3 14
32 2 2
32 1 3
9 1 32
32 5 26
32 4 27
12 1 32
32 3 13
32 2 30
32 5 16
33 1 3
33 1 19
33 5 5
24 3 33
27 4 33
13 1 33
17 1 34
34 5 2
18 5 34
5 1 34
34 3 21
34 4 6
14 2 34
31 1 34
34 1 35
36 4 12
3 2 37
37 5 19
6 4 37
37 1 7
37 5 24
37 1 26
10 4 37
37 2 14
32 2 37
38 3 34
12 5 38
38 5 29
3 2 39
39 5 5
39 2 37
39 1 6
24 4 39
40 4 17
40 5 34
40 2 3
40 2 19
37 4 40
40 3 7
40 3 11
40 1 13
40 3 16
40 2 32
41 1 3
41 3 19
41 3 16
5 4 42
41 1 42
42 4 10
12 5 42
43 1 23
40 1 43
2 5 44
44 4 3
5 5 44
6 3 44
44 2 12
44 1 29
44 4 30
44 3 14
45 4 12
45 1 13
45 4 30
45 3 16
46 5 24
40 4 47
48 5 34
2 4 48
3 3 48
48 4 6
42 2 48
48 3 12
14 4 48
1 3 49
34 1 49
2 3 49
7 5 49
49 5 9
43 1 49
49 4 12
49 4 15
49 2 48
50 2 22
8 4 50
50 1 43
13 2 50
49 5 51
51 5 17
51 1 18
51 4 34
51 2 19
5 3 51
37 2 51
51 4 6
51 4 7
18 1 52
13 2 52
52 5 48
53 3 17
53 1 49
53 5 51
53 1 22
7 5 53
8 1 53
42 3 53
12 1 53
53 1 45
32 2 53
7 5 54
24 2 55
55 1 30
4 3 56
8 4 56
56 3 27
44 3 56
56 4 13
30 2 56
16 5 56
57 1 19
51 3 57
56 4 57
57 2 41
48 4 57
58 2 49
58 2 19
3 3 58
4 1 58
53 4 58
21 1 58
6 4 58
58 1 39
29 3 58
58 3 31
59 3 19
37 4 59
59 1 22
59 5 7
30 1 59
60 4 19
60 3 38
60 2 12
60 1 44
61 3 19
6 3 61
61 1 44
61 3 13
50 5 62
62 5 34
24 5 62
58 4 62
62 2 14
30 3 62
3 4 63
63 2 24
63 5 58
64 3 38
18 3 65
42 2 65
56 1 66
58 2 66
11 2 66
67 5 4
11 3 67
67 4 12
30 2 67
3 4 68
68 4 53
6 5 68
58 1 68
69 2 17
69 2 19
67 3 69
52 1 69
69 3 27
61 2 69
14 1 69
70 5 17
70 5 34
3 4 70
38 3 70
44 5 70
48 3 70
71 2 2
71 1 3
5 4 71
71 3 70
22 2 71
71 4 23
42 5 71
71 2 13
71 4 31
51 3 72
37 4 72
72 4 12
72 5 44
72 1 45
48 1 72
16 3 72
72 3 32
65 5 73
73 4 70
52 3 74
74 2 21
38 1 74
24 2 74
56 5 74
74 3 11
46 5 74
74 3 62
74 4 63
32 2 74
75 1 37
75 2 6
75 3 70
14 1 75
76 3 18
34 4 77
77 4 67
7 4 77
56 4 77
6 1 78
38 4 78
9 4 78
78 3 73
10 5 78
78 4 30
37 2 79
79 4 8
79 4 9
73 5 79
43 5 79
79 2 13
6 2 80
26 3 80
2 5 81
81 5 3
37 4 81
81 5 43
81 2 30
48 5 81
49 5 82
79 4 82
83 1 18
83 4 3
4 5 83
38 2 83
83 1 8
83 4 74
83 2 27
83 2 32
48 3 83
33 1 84
84 5 38
84 1 79
85 2 37
85 3 57
42 5 85
12 1 85
85 2 77
18 1 86
86 5 69
8 2 86
29 1 86
48 1 86
82 1 87
18 4 87
87 4 34
70 4 87
87 4 7
87 2 11
87 3 59
87 1 30
79 3 87
87 3 48
33 4 88
21 3 88
88 1 6
88 3 26
88 1 12
88 2 44
89 1 3
89 3 5
7 1 89
89 1 55
89 1 23
24 3 89
90 2 22
71 4 90
90 1 40
10 5 90
11 2 90
90 1 13
90 2 30
48 3 90
91 2 37
91 2 5
91 2 23
12 5 91
33 1 92
92 5 49
92 3 19
70 2 92
92 4 22
72 5 92
92 1 9
10 2 92
30 4 92
92 2 48
3 5 93
53 4 93
11 5 93
93 1 63
93 4 16
94 2 83
70 3 94
8 5 94
94 2 26
94 2 90
43 5 94
13 4 94
95 3 3
95 5 19
21 3 95
95 4 7
26 2 95
95 1 30
96 4 24
92 3 96
97 3 3
97 3 21
24 1 97
41 1 97
11 1 97
12 4 97
97 1 13
97 1 77
46 4 97
34 4 98
53 2 98
85 1 98
87 2 98
98 1 7
98 3 74
11 1 98
98 5 12
92 3 98
18 4 99
99 4 70
100 5 21
86 3 100
100 1 71
100 4 87
100 1 8
100 4 56
28 5 100
100 2 93
100 5 16
33 2 101
101 3 17
100 2 101
101 1 4
37 5 101
5 2 101
101 4 6
23 4 101
24 4 101
101 5 79
102 3 49
102 1 8
58 5 102
102 2 93
103 3 82
53 4 103
103 3 7
8 4 103
88 2 103
9 4 103
58 2 103
74 4 103
103 3 12
14 5 103
64 4 104
19 3 105
105 2 83
100 5 105
105 1 37
106 2 18
9 2 106
14 4 106
107 2 21
102 5 107
34 3 108
108 4 3
52 2 108
108 2 53
108 3 54
108 1 58
79 1 108
108 2 48
109 1 24
105 5 109
75 5 109
12 2 109
109 1 45
110 5 23
110 2 8
110 4 9
111 2 49
111 1 18
111 5 50
111 4 98
111 5 83
69 5 111
111 3 7
111 4 56
111 1 28
112 2 7
112 2 9
14 5 112
112 3 80
112 4 16
51 2 113
113 2 89
58 1 113
13 5 113
46 1 113
114 4 19
6 4 114
83 3 115
19 4 115
71 2 115
115 3 24
8 2 115
2 2 116
116 3 4
100 3 116
116 2 8
116 1 24
46 4 116
31 3 116
53 1 117
38 2 117
117 4 7
117 4 8
72 2 117
24 3 117
32 5 117
118 3 18
3 2 118
118 1 19
118 2 68
7 5 118
7 1 119
44 1 119
119 5 30
120 2 34
30 2 120
111 4 120
121 5 6
101 1 122
71 5 122
8 4 122
48 1 122
24 1 123
91 1 123
123 1 92
113 5 124
69 1 124
70 2 124
125 2 1
125 2 33
125 2 34
98 2 125
125 2 101
125 3 70
125 1 43
125 5 124
126 3 125
127 5 6
127 5 7
40 2 127
127 4 74
26 5 127
127 4 91
127 2 30
112 3 127
127 3 32
116 3 128
128 1 37
128 3 90
11 4 128
92 3 128
129 5 3
100 1 130
13 4 130
117 5 131
120 4 131
131 2 9
108 2 131
79 1 131
132 4 1
50 2 132
99 4 132
132 3 53
24 1 132
132 4 10
26 3 132
123 3 132
133 3 98
133 2 131
132 1 133
133 1 8
133 3 59
133 5 14
95 3 133
133 2 48
32 5 133
125 4 134
34 2 135
19 3 135
7 5 135
24 5 135
135 1 60
136 3 82
136 3 18
19 3 136
136 2 5
136 1 6
136 3 7
72 2 136
136 2 56
78 2 136
136 2 46
137 3 3
52 4 137
137 5 86
45 5 137
138 3 43
79 5 138
139 2 53
139 5 6
139 4 8
139 2 56
26 1 139
139 1 59
139 4 12
139 5 92
139 2 93
139 1 31
34 2 140
21 3 140
85 3 140
37 4 140
140 1 137
140 5 73
140 1 9
140 3 59
140 4 43
141 1 65
141 3 83
131 4 141
141 4 87
7 2 141
141 1 57
73 3 141
141 4 27
43 1 141
79 3 141
99 4 142
142 5 3
142 5 40
142 3 89
143 2 97
143 5 3
83 1 143
70 5 143
10 1 143
143 1 75
28 3 143
143 1 141
142 5 143
48 4 143
144 2 51
38 4 144
24 3 144
9 3 144
105 3 144
25 2 144
144 5 29
3 2 145
100 4 145
4 4 145
145 3 53
29 4 145
145 5 30
145 1 95
145 1 16
48 2 145
97 1 146
146 2 116
7 1 146
146 2 71
146 3 56
146 5 139
146 2 12
13 4 146
127 1 146
48 3 146
147 1 34
98 4 147
24 2 147
59 4 147
147 2 12
13 5 147
148 3 49
148 3 2
148 3 86
148 1 88
107 1 148
148 5 125
142 4 148
149 3 3
147 2 149
149 3 67
149 2 133
23 4 149
149 5 24
57 1 149
44 5 149
48 4 149
150 2 6
7 1 150
44 2 150
150 1 93
151 5 4
21 4 151
151 4 69
151 1 40
152 2 99
152 2 150
6 2 152
152 2 23
8 1 152
152 2 105
41 1 152
139 5 152
127 2 152
101 3 153
6 4 153
45 4 153
154 3 33
154 4 97
154 2 34
154 2 19
70 2 154
54 5 154
154 5 7
42 3 154
11 2 154
154 4 48
155 3 2
148 3 155
155 2 5
155 2 85
24 3 155
155 1 8
89 4 155
90 5 155
155 4 91
155 3 95
156 5 18
156 3 98
19 4 156
100 5 156
156 5 85
156 4 53
42 3 156
75 4 156
157 5 18
157 4 19
157 3 149
157 5 72
88 2 157
157 4 24
157 4 154
157 2 12
157 4 140
157 4 13
158 5 17
1 3 158
49 2 158
158 2 131
3 4 158
158 1 8
88 5 158
158 4 26
158 3 46
159 2 22
159 3 73
41 2 159
141 4 159
126 3 159
32 3 159
65 5 160
160 3 34
70 1 160
7 3 160
160 5 24
160 1 26
160 3 59
160 2 108
92 5 160
117 1 161
6 5 161
161 4 8
24 5 161
161 2 121
162 1 34
162 3 19
162 2 51
132 1 162
162 4 7
162 5 29
158 1 162
163 4 158
34 4 164
164 1 36
164 1 133
164 2 149
164 4 72
164 3 74
139 1 164
164 3 61
165 2 34
165 5 3
19 4 165
165 4 53
165 1 22
72 1 165
165 2 156
71 1 166
166 5 90
160 4 166
167 5 34
167 1 148
167 5 6
71 2 167
167 1 72
167 3 8
167 4 75
167 1 80
168 2 32
72 1 169
13 2 169
170 1 56
171 2 4
54 1 171
17 1 172
3 3 172
164 3 172
172 1 101
172 5 151
8 5 172
140 1 172
172 2 45
13 2 172
31 5 172
33 4 173
173 1 50
138 3 173
173 3 123
132 2 174
58 4 174
174 4 90
174 4 44
174 3 12
174 3 77
174 3 16
91 5 175
176 4 17
2 3 176
146 2 176
176 5 101
176 1 13
78 5 176
176 1 46
176 2 79
5 4 177
105 2 177
177 2 26
177 5 12
178 2 17
178 1 8
73 3 178
178 2 58
178 5 26
178 3 44
172 2 178
178 4 159
178 4 128
179 1 114
19 1 179
5 3 179
70 2 179
179 5 6
179 4 42
14 5 179
31 5 179
180 4 17
180 5 50
180 2 147
5 4 180
103 3 180
56 2 180
180 2 59
181 1 2
181 5 179
181 1 5
107 5 181
182 2 145
162 5 182
13 4 182
182 4 62
182 1 48
147 2 183
34 5 184
98 3 184
19 2 184
184 4 103
7 1 184
184 1 12
184 5 92
184 1 30
185 4 3
185 4 19
88 3 185
185 3 175
185 3 160
186 5 38
187 2 97
187 4 67
51 2 187
69 4 187
152 2 187
187 3 25
187 4 154
187 1 77
187 2 176
188 5 1
188 5 8
188 1 73
44 3 188
188 3 95
189 3 18
189 5 3
190 1 97
190 5 36
100 2 190
190 4 7
190 1 74
31 5 190
190 2 48
50 2 191
19 4 191
36 4 191
191 4 180
86 2 191
191 5 24
191 3 92
191 1 78
48 2 191
191 4 32
50 2 192
19 4 192
192 4 21
17 1 193
193 1 34
53 1 193
7 5 193
193 2 24
92 1 193
141 2 193
158 1 193
193 2 46
193 2 143
19 1 194
3 1 194
4 4 194
180 3 194
85 4 194
194 3 92
13 5 194
48 5 194
70 4 195
56 2 195
195 4 8
195 2 24
195 3 185
195 3 79
196 3 35
196 2 173
44 2 197
197 4 160
129 4 198
195 5 198
100 4 198
37 4 198
117 5 198
71 2 198
198 2 87
139 4 198
158 2 198
198 2 48
59 3 199
13 5 199
78 2 199
185 1 200
30 2 200
201 4 1
97 3 201
34 2 201
19 3 201
201 1 83
3 3 201
6 5 201
201 4 108
201 2 140
201 4 158
97 4 202
8 5 202
24 1 202
170 5 202
122 1 202
19 5 203
203 2 133
155 4 203
12 3 203
160 5 203
178 5 204
204 4 147
53 4 204
204 3 14
111 5 204
204 4 16
8 2 205
88 5 205
185 3 205
186 1 205
125 1 205
49 1 206
4 5 206
206 2 198
24 1 206
206 2 105
206 1 187
125 1 206
206 4 30
206 3 31
207 4 83
19 4 207
5 5 207
55 1 207
7 1 208
208 4 24
89 2 208
45 1 208
37 2 209
209 2 106
92 3 209
46 1 209
210 5 40
141 1 210
211 3 12
45 1 211
48 2 211
144 2 211
30 5 212
213 5 33
213 2 56
213 1 108
146 1 214
214 2 132
4 1 215
133 2 215
215 4 198
215 1 24
215 5 40
88 4 215
215 5 107
26 4 216
51 2 217
151 3 217
120 5 217
169 3 217
217 2 138
217 1 156
217 1 140
217 2 12
217 2 46
143 4 217
178 4 218
218 4 70
7 4 218
155 1 218
12 4 218
81 1 219
132 5 219
219 2 42
219 2 139
220 1 97
220 4 5
220 3 6
220 1 38
44 2 220
113 1 221
221 3 2
19 1 221
6 2 221
221 1 58
221 2 202
221 4 91
108 3 221
221 5 141
222 5 97
193 3 222
146 2 222
222 5 83
102 3 222
222 4 8
123 5 222
60 2 222
92 4 222
222 5 108
100 4 223
223 3 88
201 3 223
89 2 223
44 4 223
224 4 34
224 2 27
17 5 225
5 1 225
69 2 225
225 2 23
225 5 74
141 1 225
225 1 61
222 5 225
225 2 16
226 3 162
226 4 7
226 4 73
92 5 226
161 3 227
227 3 131
227 1 24
227 4 154
227 2 13
227 2 127
228 3 33
228 3 145
19 1 228
228 3 148
87 5 228
228 2 8
139 2 228
12 2 228
129 5 229
19 5 229
229 5 147
227 4 229
229 2 71
229 3 200
169 1 229
229 4 58
190 4 229
48 4 229
193 4 230
145 3 230
231 4 77
2 4 232
232 1 114
232 2 70
232 5 58
12 5 232
60 4 232
232 3 172
232 2 174
232 2 48
233 3 140
33 2 234
18 5 234
228 2 234
5 2 234
86 1 234
234 2 55
234 1 56
43 2 234
234 4 13
18 5 235
235 5 19
235 5 38
235 4 231
235 4 13
10 2 236
237 3 19
237 2 195
116 4 237
37 4 237
7 2 237
92 5 237
13 3 237
237 5 157
237 3 30
176 2 237
131 5 238
116 3 238
238 3 53
238 4 151
238 3 8
238 1 88
14 2 238
95 3 238
238 1 32
238 3 48
239 5 114
21 3 239
22 4 239
239 1 87
239 4 24
185 1 239
220 2 239
239 4 236
239 5 222
176 5 239
240 2 211
240 2 184
10 5 240
240 4 43
240 1 12
204 1 240
34 5 241
230 5 241
135 4 241
241 3 24
241 4 137
241 3 73
241 4 58
172 4 241
241 3 62
241 2 14
180 4 242
242 1 182
242 2 8
242 4 13
242 5 79
242 3 191
2 3 243
21 5 243
118 1 243
26 2 243
243 4 154
243 4 12
243 4 48
33 2 244
161 1 244
244 5 194
118 2 244
167 5 244
56 1 244
137 5 244
244 2 45
244 5 14
223 1 244
245 5 241
245 4 33
245 2 98
245 5 2
245 2 6
245 3 102
245 4 151
141 4 245
158 2 245
117 2 246
44 3 246
195 2 247
101 5 247
229 2 247
86 5 247
27 2 247
139 3 247
92 3 247
239 4 247
160 1 247
248 2 3
53 3 248
54 2 248
24 5 248
58 1 248
11 3 248
248 4 139
3 1 249
249 4 85
38 5 249
249 2 71
75 1 249
12 2 249
249 1 236
249 5 62
241 1 250
250 2 130
19 5 250
250 4 227
75 3 250
250 1 172
237 1 250
250 2 46
251 5 5
251 5 152
252 5 19
148 2 253
253 5 5
53 4 253
7 3 253
249 5 253
74 5 253
42 2 253
203 4 253
140 4 253
253 5 240
254 2 19
254 1 195
229 4 254
254 2 70
254 3 199
254 2 13
69 2 255
22 1 255
255 4 150
255 5 71
255 3 26
12 5 255
208 1 255
256 1 50
256 2 22
56 5 256
256 1 27
256 4 108
141 2 256
257 1 241
3 3 257
101 2 257
257 4 102
71 3 257
257 2 8
11 5 257
205 4 257
257 2 48
258 2 145
258 4 50
258 4 185
12 1 258
206 2 258
145 2 259
22 1 259
198 1 259
259 2 170
237 3 259
64 4 259
37 5 260
56 4 260
201 2 260
261 3 31
262 5 193
262 4 34
4 1 262
262 1 23
203 3 262
221 5 262
125 3 262
262 4 32
19 2 263
37 1 263
42 2 263
97 3 264
3 5 264
87 5 264
105 3 264
123 4 264
18 3 265
101 3 265
88 4 265
265 2 72
265 1 27
265 1 75
155 2 265
127 4 265
265 2 48
117 3 266
180 2 267
267 1 7
154 2 267
202 4 267
267 4 11
30 3 267
95 4 267
268 4 97
178 4 268
268 5 53
268 5 12
268 1 128
48 1 268
242 2 269
269 5 71
269 1 26
82 4 270
101 2 270
270 5 56
106 2 270
270 3 269
270 1 62
32 4 270
271 2 33
257 2 271
271 2 98
137 2 271
186 1 271
271 1 222
238 3 271
271 3 46
272 3 3
272 2 180
272 2 4
272 5 85
272 4 101
272 1 267
92 3 272
272 4 12
17 5 273
242 4 273
273 3 5
70 3 273
22 1 273
273 2 223
120 5 274
275 1 33
275 4 18
275 1 52
275 3 88
12 5 275
275 2 204
276 1 34
19 3 276
264 2 276
276 1 73
276 4 239
277 3 241
277 3 177
277 4 225
135 2 277
277 2 8
277 4 24
277 3 153
277 5 58
277 1 92
48 1 277
34 5 278
278 2 116
213 4 278
7 1 278
265 4 278
58 5 278
187 3 278
268 3 278
279 3 2
50 3 279
244 3 279
133 4 279
279 1 37
71 4 279
279 2 176
18 3 280
56 3 280
73 4 280
280 3 125
281 5 53
281 5 229
133 4 281
245 5 281
281 2 6
92 1 281
281 4 173
281 3 79
8 4 282
5 1 283
283 4 38
283 3 222
16 5 283
283 3 48
257 2 284
284 1 113
284 3 11
59 5 284
156 5 284
44 2 284
284 1 222
285 4 8
26 3 285
285 1 11
108 4 285
285 5 238
127 4 285
286 5 257
52 5 286
88 3 286
11 5 286
19 1 287
133 4 287
48 4 287
288 5 162
288 5 58
80 4 288
273 1 289
289 3 242
83 3 289
6 4 289
289 1 39
289 5 88
289 2 106
12 1 289
289 5 92
289 1 160
53 4 290
24 3 290
278 3 291
291 2 135
9 1 291
291 5 172
291 3 140
291 5 31
292 3 1
114 2 292
292 4 83
292 1 184
89 5 292
292 4 10
292 4 140
1 5 293
19 3 293
164 1 293
293 3 180
293 3 102
167 5 293
293 3 23
58 1 293
294 2 37
264 2 294
8 4 294
45 4 294
295 4 193
295 1 17
3 5 295
295 5 100
295 2 148
21 1 295
37 5 295
295 1 9
295 2 172
223 5 295
19 1 296
279 3 296
296 3 40
184 5 296
8 3 296
225 3 297
83 3 297
276 1 297
277 3 297
297 3 137
44 3 297
297 5 268
297 3 112
97 3 298
298 5 1
298 1 247
298 2 72
298 4 107
298 1 108
125 5 298
173 3 298
253 3 298
299 2 98
300 2 148
293 5 300
71 5 300
300 1 26
301 3 5
49 2 302
83 5 302
275 3 302
234 5 302
140 5 302
302 4 12
302 4 109
30 1 302
181 1 303
303 4 40
240 5 304
289 2 305
305 4 2
305 2 195
70 5 305
305 4 294
8 5 305
305 4 24
305 1 285
45 5 305
5 4 306
306 3 102
54 4 306
279 3 306
306 5 185
44 4 306
306 1 128
307 3 33
307 1 193
307 1 2
229 3 307
7 3 307
137 5 307
265 1 307
307 4 27
307 2 173
16 3 307
279 3 308
308 1 24
185 2 308
308 1 106
308 4 156
308 4 61
308 5 30
256 3 308
309 5 33
23 3 309
309 2 42
309 5 303
34 4 310
274 1 310
310 5 52
5 4 310
42 5 310
13 5 310
310 4 48
311 4 2
311 3 22
311 1 158
126 2 311
312 5 305
99 4 312
20 5 312
8 1 312
24 3 312
152 5 312
312 4 91
312 4 284
312 2 237
29 5 312
313 2 3
313 5 135
202 4 313
313 4 59
27 4 313
12 4 313
78 1 313
240 5 313
48 2 313
306 3 314
314 2 6
314 2 125
315 1 101
315 4 53
22 2 315
23 2 315
315 5 43
220 3 315
315 1 108
315 4 141
315 5 271
316 2 11
316 5 237
19 3 317
132 1 317
312 5 317
317 2 89
234 5 317
317 4 11
317 2 172
317 4 140
317 4 30
317 5 47
312 2 318
273 1 319
145 5 319
319 5 184
24 5 319
108 2 319
320 4 3
321 4 98
321 2 8
321 3 155
173 5 321
321 3 13
162 1 322
82 5 322
322 4 40
74 1 322
322 1 107
322 1 172
46 4 322
322 4 240
323 3 32
178 2 324
324 5 265
74 2 324
269 3 324
49 4 325
70 3 325
325 2 272
193 3 326
326 2 49
34 3 326
326 1 245
250 3 326
326 4 155
12 3 326
326 1 172
268 3 326
326 5 13
71 2 327
327 2 199
184 1 327
328 4 146
11 4 328
329 4 49
329 3 21
329 4 6
329 2 71
92 4 329
329 1 108
330 2 305
100 1 330
7 3 330
330 3 272
331 3 22
331 1 172
21 2 332
332 1 278
332 4 70
332 4 136
332 2 56
74 5 332
11 4 332
332 2 140
332 5 172
49 1 333
17 1 333
101 3 333
333 1 30
12 1 334
335 3 97
278 4 335
6 4 335
32 5 335
336 3 147
7 3 336
336 3 125
226 4 337
6 4 337
337 5 86
337 4 8
43 1 337
60 5 337
144 4 337
338 4 4
338 4 96
339 5 164
53 2 339
87 4 339
72 4 339
339 5 90
93 5 339
339 2 79
339 3 240
340 2 17
340 2 18
232 5 340
74 1 340
340 1 79
341 4 241
244 4 341
5 2 341
172 4 341
45 4 341
341 4 30
341 5 255
342 5 97
2 4 342
342 2 3
342 5 70
8 5 342
342 2 58
342 5 173
175 4 342
343 5 9
343 5 172
343 1 13
176 5 343
96 4 343
27 1 344
12 4 344
51 5 345
39 5 345
345 2 24
72 3 345
345 1 201
250 3 345
345 5 140
346 1 273
130 3 346
346 2 19
346 5 100
346 1 203
27 1 346
204 2 346
273 2 347
257 2 347
326 5 347
88 2 347
347 3 137
59 3 347
11 3 347
347 5 92
29 4 347
348 3 278
87 2 348
348 3 55
348 5 24
122 2 348
348 2 124
240 3 348
349 1 8
307 2 350
19 4 350
3 1 350
101 4 350
350 2 23
250 2 350
350 2 235
12 3 350
110 3 350
351 5 50
351 4 19
351 2 83
106 4 351
11 5 351
351 4 78
352 4 100
353 4 136
28 1 353
300 5 353
353 2 30
321 4 354
81 1 354
354 5 130
354 3 133
354 3 89
354 1 297
354 4 106
354 2 43
354 2 172
354 5 143
355 3 71
355 1 298
356 5 249
11 2 356
260 2 357
198 4 357
357 4 344
24 5 357
357 3 203
357 5 315
357 3 27
357 2 253
130 3 358
194 3 358
67 2 358
53 1 358
358 4 75
359 2 99
359 2 164
69 5 359
56 5 359
24 3 359
89 2 359
359 2 14
359 4 95
144 2 359
16 1 359
2 2 360
292 1 360
360 4 100
360 4 166
6 5 360
202 3 360
360 1 11
158 5 360
361 4 161
361 1 43
12 4 361
14 4 361
239 3 361
362 2 6
184 5 362
363 2 354
363 5 22
201 3 363
363 5 58
363 1 10
363 5 347
363 2 222
160 3 363
364 5 148
70 1 364
42 3 364
364 4 253
143 5 364
365 1 53
365 4 7
365 4 140
366 1 291
154 1 366
33 4 367
367 4 178
367 5 19
119 2 367
367 3 24
39 4 368
368 3 108
368 3 13
222 5 368
86 3 369
369 2 88
369 5 8
369 2 74
12 3 369
369 2 140
370 2 97
370 4 19
132 4 370
370 3 101
370 2 39
370 5 11
370 3 156
220 2 370
19 1 371
307 1 371
371 5 11
203 5 371
371 4 285
31 3 371
372 5 354
178 4 372
56 1 372
298 4 372
372 2 112
373 4 82
37 5 373
373 1 167
8 5 373
250 5 373
11 5 373
374 1 52
118 3 374
327 3 374
374 1 78
374 2 143
241 5 375
149 2 375
72 2 375
140 3 375
375 4 12
375 2 79
272 4 375
82 3 376
148 1 376
133 5 376
376 4 102
376 2 71
24 1 376
376 3 317
376 1 223
376 5 368
321 5 377
329 1 377
377 5 9
330 2 377
154 2 377
237 4 377
377 2 16
235 1 378
95 2 378
38 4 379
296 5 379
154 2 379
13 1 379
380 5 143
381 5 293
381 5 86
381 2 103
381 5 156
381 3 125
48 4 381
382 3 293
381 5 382
17 5 383
51 2 383
383 4 3
383 4 293
71 1 383
345 3 383
154 3 383
383 1 11
383 3 13
384 4 68
278 5 384
151 3 384
203 3 384
181 4 385
310 2 385
332 2 385
37 4 386
386 2 360
90 3 386
386 3 107
33 5 387
293 2 387
166 1 387
387 4 7
387 3 203
387 3 157
333 4 387
388 5 21
388 5 374
388 1 45
388 1 78
32 1 388
389 5 17
389 3 22
90 4 389
285 1 389
334 5 389
389 3 191
112 5 389
390 1 385
17 4 390
390 5 4
20 1 390
390 3 5
390 1 70
312 1 390
74 2 390
46 2 390
390 3 159
17 5 391
130 1 391
391 4 356
260 3 391
391 4 389
109 3 391
391 2 302
391 4 14
335 3 391
391 3 176
257 3 392
392 3 1
392 3 3
387 4 392
392 3 136
392 5 11
381 5 392
48 1 392
178 5 393
72 5 393
154 2 393
393 3 315
83 5 394
22 1 394
146 4 395
395 3 103
231 5 395
88 1 395
395 3 346
60 1 395
395 5 13
395 1 14
395 3 111
396 5 193
396 4 3
396 3 69
396 4 102
396 2 86
396 3 298
396 3 160
397 1 19
23 1 397
397 1 136
348 2 397
63 3 397
397 3 16
5 1 398
398 5 154
398 2 44
140 5 398
399 3 18
3 5 399
25 2 399
399 4 249
400 4 66
383 2 400
401 1 53
34 3 402
402 3 7
402 1 56
402 4 9
402 3 74
304 2 402
402 4 176
403 3 70
360 5 403
403 5 75
12 2 403
403 3 156
16 2 403
403 1 48
85 2 404
7 3 404
404 4 13
404 4 61
404 1 14
273 2 405
2 5 405
228 3 405
215 5 405
152 3 405
405 1 330
141 3 405
406 3 49
354 4 406
406 5 37
150 2 406
406 5 6
406 5 7
406 5 297
406 3 285
406 2 30
147 5 407
407 4 357
407 3 284
157 4 407
407 3 16
35 3 408
408 2 101
117 4 408
408 2 405
133 4 408
7 1 408
408 3 311
408 2 59
408 3 30
408 3 143
100 3 409
184 5 409
409 1 267
409 3 397
409 1 14
410 2 24
94 1 410
240 3 410
18 3 411
354 5 411
411 3 34
411 1 19
3 1 411
411 3 37
411 4 201
411 2 317
411 4 32
412 1 2
147 4 412
412 4 19
412 4 195
412 5 3
6 4 412
406 1 412
412 4 24
9 4 412
313 2 412
413 5 100
413 4 245
326 2 413
40 5 413
413 2 12
413 3 300
413 4 160
34 1 414
308 5 414
215 3 414
414 5 376
414 4 315
414 1 172
414 1 12
414 3 125
158 4 414
414 4 111
310 5 415
354 2 416
53 4 416
278 2 416
266 5 416
203 3 416
140 1 416
278 3 417
305 3 418
7 1 418
418 2 125
419 5 98
8 2 419
152 5 419
26 1 419
419 3 27
12 4 419
336 3 419
262 5 420
95 1 420
16 3 420
49 2 421
258 3 421
421 2 50
421 3 3
421 4 212
326 2 421
359 2 421
295 5 421
142 3 421
227 3 422
69 3 422
125 1 422
383 3 422
422 5 336
423 5 6
423 1 8
423 3 64
3 3 424
424 1 133
9 3 424
267 5 424
14 5 424
81 2 425
425 3 228
262 2 425
235 1 425
30 2 425
425 3 31
1 3 426
385 5 426
426 3 34
426 5 181
426 4 88
222 2 426
78 1 426
426 5 240
427 3 305
427 2 245
22 3 427
24 1 427
427 4 107
427 2 172
427 3 239
240 1 427
428 5 19
6 3 428
428 1 24
1 5 429
25 1 429
138 4 429
11 4 429
222 1 429
34 3 430
430 5 131
68 1 430
198 3 430
119 2 430
408 1 430
90 4 430
430 5 78
430 5 46
255 5 430
431 4 359
376 3 431
432 1 100
432 4 53
70 1 432
432 3 72
206 1 432
368 5 432
433 1 97
433 5 21
433 2 278
6 3 433
55 1 433
433 1 23
433 1 107
12 5 433
45 3 433
339 4 434
179 3 434
434 4 23
105 5 434
434 2 137
157 2 434
30 3 434
434 4 48
3 2 435
435 5 116
435 5 229
56 1 435
435 2 298
435 4 413
174 1 435
435 3 48
273 1 436
436 4 369
436 4 386
436 4 85
436 1 101
24 5 436
436 4 61
436 2 430
437 1 38
10 4 437
438 3 33
438 4 180
4 5 438
438 2 151
138 3 438
438 1 223
439 2 1
147 1 439
439 1 11
27 4 439
440 5 33
225 1 441
441 5 53
441 4 37
441 2 406
73 4 441
441 4 108
442 2 17
147 1 442
388 5 442
442 4 164
442 5 184
442 4 317
443 4 146
443 3 242
371 4 443
443 2 179
443 4 4
443 2 37
443 4 70
381 3 443
158 4 443
2 1 444
131 2 444
444 5 7
39 4 444
201 3 444
444 4 284
444 1 287
144 1 444
445 2 161
3 3 445
404 5 445
58 4 445
172 4 445
445 3 237
444 2 446
30 4 446
446 5 31
447 3 5
447 1 29
448 5 1
448 5 370
448 4 244
448 5 135
376 1 448
448 5 237
30 2 448
383 3 448
449 1 97
449 5 278
70 2 449
298 2 449
449 3 124
284 5 449
12 3 449
333 4 449
205 5 449
449 2 79
450 3 133
450 2 312
9 5 450
426 4 450
450 5 96
357 4 451
439 5 451
24 2 451
11 2 451
396 4 451
451 5 12
401 4 452
326 2 452
452 5 6
452 3 39
452 2 9
75 5 452
452 4 256
176 1 452
452 3 144
453 3 184
453 1 75
454 5 354
8 4 454
454 2 360
187 4 454
454 3 427
454 2 14
271 3 454
368 3 454
455 1 419
150 3 455
71 2 455
9 5 455
455 3 156
456 5 40
89 3 456
456 1 28
124 4 456
456 1 350
49 3 457
244 4 457
457 4 5
28 3 457
190 5 457
458 3 275
3 1 458
374 1 458
458 1 375
458 3 58
250 3 458
458 4 92
458 1 172
285 5 458
369 5 459
459 4 83
459 1 256
460 5 326
58 5 460
27 1 460
460 4 28
460 1 32
461 2 460
461 4 396
140 3 461
12 1 461
461 5 300
461 2 253
461 1 125
461 5 63
462 2 243
462 3 12
19 1 463
463 3 292
464 3 178
464 1 306
464 4 291
3 5 464
464 1 88
11 4 464
399 3 464
450 1 465
465 4 24
8 4 465
465 5 393
465 1 234
49 1 466
466 2 167
466 4 376
466 1 25
59 1 466
221 4 466
418 1 467
5 5 467
453 5 467
106 5 467
11 5 467
467 4 140
237 3 467
468 1 133
374 2 468
302 1 468
469 1 1
469 1 465
469 1 387
469 4 277
469 3 441
26 1 469
108 2 469
469 2 44
32 5 469
470 2 147
373 2 470
5 1 470
470 4 135
328 2 470
470 5 58
470 3 394
12 3 470
143 5 470
470 5 112
471 1 284
305 4 472
390 2 472
74 4 472
472 4 111
473 1 34
3 2 473
473 5 87
473 1 204
142 5 473
240 5 473
473 2 272
473 5 16
474 3 322
99 4 474
474 3 292
474 2 4
474 3 313
474 4 235
474 4 237
475 5 12
141 2 475
475 2 237
475 3 432
476 1 114
34 2 476
476 5 50
476 3 391
476 4 27
414 3 476
128 1 476
179 3 477
477 5 71
24 5 477
161 3 478
478 2 193
478 1 387
5 1 478
478 5 135
103 2 478
312 1 478
478 3 317
222 5 478
430 4 478
479 3 273
322 5 479
479 5 102
6 5 479
247 2 479
442 1 479
479 4 394
479 5 122
479 4 160
145 4 480
480 3 242
480 1 3
19 3 480
228 2 480
308 1 480
70 2 480
480 1 119
480 3 398
480 4 48
481 5 418
50 5 481
391 1 481
481 5 26
481 3 10
481 4 12
481 2 253
481 4 222
482 5 147
51 5 482
86 1 482
482 3 152
482 1 201
482 5 155
482 2 12
13 4 482
30 3 482
482 3 160
483 1 17
273 1 483
145 5 483
165 3 483
483 5 6
483 1 92
79 1 483
484 2 465
98 2 484
484 4 482
469 4 484
484 3 102
42 2 484
484 2 443
159 3 484
484 2 176
485 1 37
485 2 6
167 4 485
24 3 485
485 4 314
485 1 27
53 2 486
8 1 486
486 2 487
487 3 58
90 5 487
13 4 487
367 2 487
144 5 487
488 5 82
355 5 488
488 1 131
488 3 101
6 5 488
272 5 488
48 1 488
489 3 1
489 5 17
489 3 34
371 1 489
489 2 148
489 3 4
342 5 489
489 3 71
26 1 489
156 5 489
34 5 490
490 2 147
295 4 490
490 5 137
490 1 43
13 5 490
257 1 491
371 4 491
71 3 491
491 2 312
491 5 201
12 5 491
491 4 368
492 2 481
492 4 418
492 3 147
492 2 154
492 3 203
492 3 92
97 5 493
3 2 493
115 3 494
494 1 19
494 1 101
494 1 278
6 3 494
184 1 494
494 5 27
494 4 12
95 2 494
23 3 495
495 1 78
31 1 495
496 2 11
496 3 347
494 2 496
497 2 49
147 1 497
5 4 497
497 2 391
497 5 72
168 5 497
473 2 497
141 2 497
179 4 498
71 4 498
56 1 498
95 3 498
499 3 225
499 5 33
79 4 499
255 3 499
66 3 500
451 4 500
292 4 500
36 2 500
500 1 4
165 1 500
500 4 86
500 3 278
72 1 500
500 5 397
501 3 85
501 5 86
501 4 279
501 1 24
501 2 10
23 4 502
95 3 502
503 5 217
106 2 503
503 2 398
33 5 504
504 3 97
504 3 179
504 3 24
184 1 504
265 3 504
504 2 26
27 3 504
504 5 144
291 2 505
483 5 505
373 3 505
505 1 341
167 4 505
23 1 506
12 3 506
14 4 506
507 2 86
23 5 507
302 4 507
508 4 146
34 1 508
457 4 508
508 5 284
429 1 508
3 5 509
101 2 509
91 5 509
509 1 30
159 4 509
510 3 18
510 2 483
510 4 83
510 1 184
510 4 8
510 2 58
510 4 12
14 5 510
510 4 302
510 2 111
511 5 465
3 1 511
451 3 511
485 4 511
293 3 511
310 1 511
438 4 511
490 4 511
476 1 511
511 3 270
50 5 512
512 2 83
449 2 513
19 4 513
513 3 21
513 4 455
513 1 88
513 2 9
513 5 10
206 5 513
83 1 514
514 1 260
514 2 56
409 4 514
511 1 514
515 1 34
50 4 515
515 5 4
37 3 515
515 3 87
515 1 201
12 2 515
29 2 515
516 3 147
516 2 164
4 4 516
100 3 516
7 1 516
279 5 516
56 2 516
105 1 516
137 2 516
125 1 516
517 2 69
517 2 139
7 1 518
202 4 518
251 2 518
518 2 80
519 4 377
108 4 519
380 4 519
413 4 519
239 5 519
480 1 519
519 1 208
7 1 520
520 5 26
330 2 520
383 5 520
521 1 515
3 3 521
521 5 359
24 2 521
521 5 200
144 5 521
33 2 522
522 3 113
179 2 522
522 4 54
523 5 57
524 5 391
347 4 524
29 4 524
525 3 98
525 1 3
6 1 525
40 3 525
27 2 525
525 5 363
48 5 525
97 5 526
526 4 497
34 4 526
526 4 4
405 5 526
526 5 8
526 2 121
427 1 526
526 3 159
526 3 111
527 1 515
527 2 164
527 5 390
527 5 59
317 1 527
17 1 528
193 5 528
528 4 168
395 4 528
528 3 91
528 1 13
528 5 95
529 3 3
474 4 529
529 4 44
48 3 529
530 4 529
257 3 530
65 1 530
530 2 178
530 5 19
24 5 530
530 5 217
530 1 473
26 2 530
235 4 530
381 2 531
531 5 478
532 3 20
209 4 533
533 2 452
102 1 533
533 3 166
135 2 533
533 2 218
533 4 44
157 5 533
534 2 53
534 2 85
534 2 256
535 1 51
535 2 19
535 4 396
147 2 536
536 4 438
536 2 26
536 3 459
536 4 140
536 4 12
14 2 536
127 1 536
537 2 213
537 2 6
537 3 89
537 1 298
426 4 537
537 5 332
537 3 237
94 1 537
537 3 335
372 5 538
341 1 538
538 4 310
538 4 247
56 1 538
538 3 284
7 5 539
539 4 56
59 5 539
539 5 332
144 3 539
539 4 48
540 3 225
540 5 404
84 5 541
101 4 541
541 3 53
541 4 278
542 3 419
542 3 167
58 3 542
12 4 542
222 3 542
447 5 542
342 1 543
6 2 543
543 4 23
7 3 543
124 5 543
543 2 44
189 2 543
543 4 48
34 3 544
544 4 2
19 3 544
544 2 22
544 4 406
544 5 24
544 3 347
411 4 544
317 1 544
544 1 272
3 3 545
6 2 545
545 3 151
545 4 296
545 5 156
545 5 13
222 3 545
546 2 482
546 4 165
71 3 546
312 1 546
137 4 546
546 4 125
429 1 546
225 2 547
547 5 19
547 3 341
101 4 547
38 4 547
374 1 547
547 1 154
316 3 547
465 1 548
18 1 548
548 2 70
525 1 548
548 5 269
225 2 549
353 1 549
217 1 549
550 2 434
8 3 550
73 5 550
89 2 550
91 3 550
414 3 550
551 2 481
551 5 17
551 5 134
87 2 551
264 3 551
551 1 281
157 3 551
162 2 552
552 3 359
329 2 552
461 5 552
541 4 552
553 1 50
553 3 18
553 2 339
470 4 553
390 3 553
553 2 8
553 3 26
553 3 348
225 5 554
305 2 554
101 4 554
554 2 298
250 2 554
554 5 139
363 2 554
554 1 368
2 3 555
516 2 555
101 3 555
555 5 53
555 4 310
10 3 555
12 4 555
555 5 44
555 3 367
498 3 556
556 4 180
516 4 556
556 2 165
26 5 556
218 1 556
139 2 556
557 3 21
557 2 24
25 2 557
557 4 154
557 4 12
557 5 284
96 3 557
178 1 558
51 4 558
117 5 558
558 1 102
558 4 87
24 2 558
558 1 490
558 3 157
160 5 558
545 2 559
146 1 559
559 1 184
559 4 232
249 3 559
346 2 559
559 5 398
100 1 560
6 2 560
561 3 466
561 1 40
561 1 398
17 3 562
562 2 50
562 2 87
562 4 504
125 5 562
49 4 563
19 5 563
563 1 58
11 4 563
267 4 563
347 4 563
563 4 285
253 5 563
563 2 158
479 4 563
564 1 132
564 4 92
564 2 127
80 1 564
225 5 565
565 4 546
34 2 565
378 1 565
554 4 565
565 4 44
128 5 565
565 4 208
161 4 566
162 5 566
566 2 82
483 3 566
340 2 566
566 4 389
9 4 566
27 3 566
395 5 566
79 3 566
225 3 567
562 2 567
567 4 355
37 4 567
24 2 567
567 2 298
59 5 567
239 5 567
93 3 568
569 4 308
101 1 569
569 5 343
184 3 569
296 5 569
569 5 297
224 1 569
449 3 570
18 1 570
37 5 570
570 5 293
570 2 456
537 2 570
570 5 297
11 5 570
570 2 398
17 5 571
34 5 571
571 5 211
165 3 571
86 5 571
44 1 571
571 2 271
272 5 571
572 1 1
572 5 97
17 5 572
572 3 34
572 2 3
102 2 572
409 1 572
572 2 12
572 1 526
49 4 573
573 4 3
573 3 6
440 1 573
573 5 345
573 4 159
574 2 550
575 2 241
575 1 17
274 4 575
575 1 5
172 1 575
540 5 575
575 2 444
575 3 398
575 1 111
8 3 576
576 3 473
283 1 576
284 1 576
222 3 576
577 4 510
451 5 578
100 3 578
21 2 578
578 2 265
578 4 42
58 4 578
578 4 124
509 3 578
579 1 100
458 2 579
315 2 579
381 4 579
70 3 580
342 4 580
580 3 186
580 1 75
92 5 580
580 5 140
581 3 145
167 5 581
558 4 581
581 5 526
581 4 48
582 3 452
341 4 582
6 3 582
93 5 582
583 2 305
433 2 583
583 5 3
56 5 583
583 4 13
583 4 270
583 2 191
6 2 584
540 5 584
584 3 13
585 3 578
585 5 178
585 2 467
585 4 180
585 3 53
585 2 37
585 3 520
585 5 12
13 3 585
546 1 586
201 5 586
250 1 586
283 3 586
587 1 420
588 4 548
588 4 53
588 4 38
71 5 588
151 2 588
588 5 155
222 3 588
588 5 542
588 5 207
588 5 480
589 4 161
589 5 3
589 1 100
589 4 213
470 5 589
589 3 25
255 5 589
590 3 375
590 1 413
591 2 198
592 5 434
592 2 370
229 2 592
592 4 8
24 4 592
265 5 592
26 5 592
592 2 240
528 1 592
592 1 32
593 5 100
593 1 196
593 3 533
521 5 593
26 1 593
593 4 59
593 3 140
593 5 158
324 4 594
594 5 262
594 4 315
44 4 594
594 1 158
595 5 34
101 4 595
69 1 595
390 3 595
595 2 38
595 5 359
7 3 595
595 2 72
595 2 427
92 1 595
596 5 244
7 1 596
12 5 596
524 4 596
292 5 597
71 2 597
597 3 363
449 4 598
33 4 598
598 2 117
187 5 598
64 2 598
97 2 599
67 4 599
599 2 6
599 2 413
599 5 447
599 5 464
321 5 600
69 4 600
6 2 600
486 3 600
278 4 600
600 5 326
393 4 600
396 3 600
600 1 13
601 5 285
512 5 601
602 2 195
602 4 342
602 5 6
602 2 58
602 5 77
14 5 602
46 1 602
602 4 206
115 3 603
262 5 603
603 4 30
97 2 604
7 4 604
604 5 138
11 4 604
604 1 140
604 1 540
30 2 604
605 3 451
579 3 605
605 2 596
605 2 201
605 1 430
605 3 255
33 3 606
225 3 606
606 1 309
391 5 606
606 2 203
112 2 606
607 5 70
607 5 406
607 5 250
607 3 108
607 3 157
526 5 607
607 3 223
1 3 608
17 1 608
133 2 608
608 3 247
168 1 608
9 3 608
330 2 608
302 3 608
608 1 46
393 3 609
609 1 203
609 3 12
609 4 172
609 5 238
48 1 609
610 2 113
83 2 610
610 2 36
310 5 610
556 1 610
610 2 237
610 1 79
611 5 324
611 2 133
138 5 611
611 3 284
605 1 611
611 1 46
18 1 612
100 2 612
612 4 233
544 5 612
453 5 613
583 4 613
613 4 11
125 3 613
614 5 51
293 3 614
614 4 554
388 5 615
615 5 233
91 1 615
615 1 172
93 5 615
616 5 33
616 2 514
616 5 533
513 2 617
617 2 273
34 5 617
278 2 617
184 4 617
538 1 617
618 4 81
618 5 3
24 3 618
427 5 618
618 2 174
618 4 143
481 4 619
133 3 619
619 4 71
201 4 619
465 1 620
278 3 620
43 4 620
61 2 620
385 3 621
404 1 621
621 4 396
514 5 622
622 5 242
324 1 622
421 2 622
504 5 622
331 1 622
93 2 622
622 1 431
16 5 622
18 1 623
623 3 53
623 4 359
623 4 120
24 2 623
490 2 623
623 3 59
623 3 12
16 4 623
624 4 17
624 1 116
624 2 90
624 1 12
566 5 625
202 5 625
625 2 346
250 2 625
491 1 625
204 2 625
625 1 444
625 4 572
625 2 48
626 1 562
249 1 626
27 3 626
626 4 11
626 5 235
627 1 132
627 5 492
125 4 627
628 4 482
628 5 20
628 3 165
215 5 628
628 2 313
628 1 11
628 2 12
460 5 628
628 5 237
628 4 510
629 4 2
629 1 391
600 1 629
629 2 249
629 1 265
629 2 538
588 1 629
16 2 629
630 4 355
3 1 630
630 3 100
630 1 133
630 5 26
11 4 631
240 4 631
631 2 176
16 4 631
632 1 81
482 4 632
610 4 632
632 2 53
550 3 632
632 2 56
632 1 40
632 4 12
13 3 632
632 3 30
499 4 633
476 2 633
633 4 12
634 2 339
634 4 532
634 4 184
157 4 634
427 1 635
635 2 13
636 1 44
16 5 636
637 5 371
637 4 53
637 1 585
394 5 637
637 5 240
17 5 638
37 2 638
638 3 247
638 2 173
638 5 239
481 5 639
639 2 516
309 3 639
639 5 235
14 2 639
368 5 639
32 4 639
640 1 3
640 1 147
641 3 39
641 1 13
430 2 641
641 2 142
82 2 642
642 5 14
452 4 643
643 5 199
122 5 643
160 4 643
644 5 198
645 3 82
645 4 85
645 1 136
22 2 646
411 4 646
646 3 140
646 5 95
313 5 647
14 1 647
648 3 85
453 1 648
347 5 648
648 2 572
12 5 648
403 5 649
229 2 649
649 4 247
649 1 71
40 1 649
649 4 585
649 1 522
203 3 649
445 3 649
449 1 650
434 2 650
19 5 650
650 5 131
650 2 100
650 4 149
650 2 406
650 3 476
190 2 650
651 4 81
651 2 547
37 3 651
597 5 651
632 3 651
88 3 651
24 5 651
73 5 651
637 1 651
652 4 529
652 2 275
404 3 652
293 3 652
652 1 7
652 1 154
652 2 15
112 1 652
653 2 376
33 3 654
654 3 100
654 5 89
156 2 654
654 3 141
654 5 240
530 3 655
340 4 655
40 3 655
656 2 72
656 1 315
93 4 656
526 3 656
656 3 367
6 5 657
102 3 657
657 4 56
658 4 228
658 5 312
155 2 658
658 5 526
658 3 510
31 4 658
659 5 306
3 5 659
659 5 227
659 3 359
659 2 377
659 4 330
16 1 659
660 2 2
660 2 265
491 3 660
12 3 660
660 5 48
465 4 661
661 2 147
661 2 3
661 3 19
661 5 363
661 4 92
604 5 661
662 1 193
34 5 663
466 4 663
3 3 663
663 5 19
663 3 405
663 4 70
119 1 663
506 5 663
157 1 663
3 3 664
664 4 53
664 1 23
664 3 24
313 2 664
664 1 93
253 4 664
664 2 127
665 3 71
665 3 392
490 1 665
63 1 665
79 2 665
665 3 48
666 1 537
654 5 666
666 1 14
666 4 62
666 3 414
79 5 666
48 1 666
667 4 17
245 1 667
325 3 667
150 4 667
647 5 667
108 3 667
667 2 221
668 3 545
668 3 312
25 4 668
668 2 236
156 3 668
638 1 668
80 1 668
19 5 669
669 5 109
669 4 608
670 5 513
405 4 670
6 5 670
24 5 670
670 1 9
12 4 670
670 4 206
670 2 575
670 4 143
432 1 670
671 1 4
671 2 452
6 5 671
87 3 671
16 3 671
340 3 672
500 5 672
672 1 213
56 3 672
672 1 394
672 3 202
126 3 672
673 5 161
34 5 673
673 3 420
673 3 651
75 2 673
34 4 674
674 5 19
674 3 133
101 2 674
674 3 326
674 3 55
674 1 359
674 2 8
674 4 89
674 2 63
18 1 675
610 5 675
19 3 675
675 1 69
675 3 22
326 1 675
24 1 675
675 3 491
675 5 45
222 3 675
278 5 676
676 2 29
677 3 49
319 5 677
678 2 434
73 2 678
679 3 51
679 2 277
679 5 536
152 1 679
679 2 394
679 2 411
204 1 679
622 5 679
679 5 335
679 3 192
74 4 680
680 4 240
491 3 681
9 4 682
682 4 347
682 3 172
682 4 158
368 4 682
683 5 369
684 3 3
19 4 684
684 5 84
684 2 7
8 4 684
684 3 89
489 2 684
684 1 27
684 2 509
684 1 512
685 4 434
151 2 685
365 3 685
111 2 685
685 1 560
33 1 686
686 2 34
258 3 686
686 5 100
132 4 686
165 5 686
22 2 686
365 2 686
213 5 687
155 3 687
76 3 687
161 2 688
688 5 419
277 1 688
688 3 22
688 2 6
674 5 689
689 5 455
89 3 689
689 2 90
689 2 491
412 3 689
689 1 92
689 4 112
689 4 144
658 4 690
662 4 690
690 1 215
690 2 87
411 3 690
43 4 690
48 3 690
512 2 690
273 5 691
369 1 691
691 4 82
691 1 100
691 5 661
54 4 691
102 2 691
691 2 441
58 5 691
332 1 691
692 3 168
692 1 61
693 1 465
18 5 693
693 2 663
247 5 693
509 4 693
693 3 127
694 1 672
448 5 694
695 5 449
695 4 97
546 2 695
3 3 695
695 5 676
308 2 695
412 1 695
695 5 302
239 1 695
33 1 696
696 2 146
339 2 696
696 4 595
696 4 483
696 4 438
696 4 184
153 4 696
639 4 696
240 4 696
689 1 697
697 5 117
629 4 697
697 2 279
136 3 697
347 1 697
396 3 697
524 5 697
697 4 317
30 2 697
19 4 698
6 2 698
583 1 698
89 2 698
522 2 698
698 5 172
698 4 526
222 5 698
698 3 494
464 2 698
699 2 150
700 5 275
328 5 700
700 3 521
218 2 700
570 1 701
702 3 353
593 4 702
29 4 702
702 1 638
209 1 703
703 3 609
703 1 194
703 5 88
12 5 703
703 4 92
703 2 108
269 2 703
79 4 703
271 3 703
37 4 704
391 5 704
704 4 56
414 5 704
704 2 176
180 2 705
329 3 705
74 4 705
155 2 705
30 3 705
1 2 706
706 4 373
706 4 583
297 5 706
266 1 706
651 5 706
526 2 706
706 5 159
132 4 707
12 4 707
142 4 707
707 5 159
708 3 593
708 3 178
3 4 708
420 2 708
101 3 708
708 5 149
73 4 708
708 3 12
92 4 708
137 1 709
140 4 709
710 3 51
100 2 710
710 3 392
24 2 710
710 1 89
105 4 710
710 5 317
29 3 710
710 4 110
144 2 710
711 5 550
712 2 90
174 2 712
14 3 712
625 5 713
713 3 289
340 3 713
71 2 713
713 1 8
713 3 333
713 4 430
79 1 713
714 3 114
714 1 500
184 1 714
714 5 42
714 4 28
715 2 705
715 5 307
420 2 715
329 4 715
715 5 91
11 5 715
715 3 414
82 4 716
716 1 435
235 1 716
716 3 492
273 1 717
717 2 130
546 2 717
371 5 717
717 1 167
441 4 717
717 4 58
44 4 717
97 3 718
718 1 708
718 5 167
75 5 718
385 4 719
719 1 48
5 1 720
721 2 308
156 2 721
721 4 622
722 3 670
705 3 723
723 1 406
723 4 87
10 5 723
430 1 723
724 2 177
23 4 724
724 5 330
11 1 724
284 5 724
97 3 725
726 5 195
100 2 726
726 1 21
26 1 726
75 3 726
43 5 726
571 1 726
140 3 726
726 3 253
32 4 726
602 4 727
139 4 727
727 3 160
728 2 452
728 5 58
728 3 154
728 3 77
461 2 728
728 2 638
335 4 728
729 1 674
326 4 729
391 4 729
729 3 26
730 5 98
83 3 730
133 2 730
229 5 730
730 3 6
730 2 140
730 4 92
730 2 413
730 5 48
731 4 343
298 3 731
53 3 732
732 4 567
733 3 34
733 4 514
260 2 733
278 4 733
6 4 733
12 5 733
733 1 637
543 4 733
87 1 734
638 3 734
223 5 734
735 5 148
735 5 436
735 2 639
736 2 193
736 3 470
736 1 358
736 5 7
736 3 8
89 1 736
619 4 736
736 4 285
736 3 493
464 3 736
737 3 434
514 2 737
174 3 737
737 4 271
31 1 738
566 1 739
664 1 739
739 4 283
300 2 739
739 5 44
739 3 30
101 2 740
694 3 740
740 4 221
432 3 740
741 3 391
14 3 741
161 5 742
546 3 742
742 5 131
742 5 613
278 5 742
695 4 742
742 5 26
11 4 742
78 2 742
743 4 147
743 1 467
743 5 405
246 5 743
87 4 743
743 1 330
743 3 204
744 2 593
530 5 744
594 1 744
563 5 744
419 3 744
744 2 137
744 5 169
744 3 73
496 4 744
745 5 297
745 5 427
746 1 57
1 2 747
747 3 371
747 5 164
473 2 747
748 4 193
748 3 101
749 5 214
24 5 749
749 5 30
749 4 143
137 3 750
491 5 750
44 1 750
750 3 240
751 2 18
242 5 751
751 5 83
751 3 499
751 2 404
751 4 421
5 5 751
751 3 21
278 3 751
392 4 751
546 5 752
752 3 99
752 2 435
304 3 752
753 2 19
753 4 293
631 4 753
753 4 732
753 3 413
13 5 753
270 5 753
753 2 654
753 1 511
753 1 272
754 3 178
754 3 452
6 2 754
359 4 754
248 1 754
152 1 754
754 5 42
754 4 347
754 5 44
238 3 754
6 4 755
755 3 328
11 3 755
755 2 667
751 5 755
405 3 756
756 3 247
756 1 576
436 5 757
757 2 356
757 1 441
155 4 757
757 4 383
758 4 277
759 5 673
659 5 759
759 5 36
759 1 93
111 4 759
513 2 760
760 5 147
760 1 649
760 5 26
760 1 251
92 3 760
13 3 760
760 2 237
761 1 193
324 3 761
761 1 532
761 1 599
136 5 761
761 3 44
761 4 14
478 2 761
762 2 17
762 1 448
321 4 763
763 5 481
418 3 763
19 5 763
53 4 763
763 5 443
764 1 1
244 4 764
71 1 764
520 1 764
72 2 764
249 5 764
764 1 111
289 5 765
33 2 765
765 5 82
765 4 100
103 3 765
765 1 8
765 1 425
569 4 765
765 1 92
766 1 339
766 5 564
86 2 766
679 5 766
766 5 24
523 5 766
766 3 12
766 1 653
365 5 766
351 1 766
767 3 754
767 3 250
767 4 27
767 3 651
237 4 767
16 5 767
588 3 768
223 1 768
769 4 155
769 2 11
670 5 769
769 5 222
338 5 770
7 4 770
40 4 770
8 3 770
770 1 586
770 3 43
770 4 156
770 4 572
770 3 237
16 2 770
771 3 11
771 3 235
772 5 291
8 2 772
88 3 772
772 4 125
772 2 13
158 2 772
147 2 773
708 4 773
276 2 773
773 5 312
610 2 774
242 4 774
774 2 67
420 5 774
774 2 262
774 5 152
377 3 774
774 3 684
95 2 774
17 5 775
435 2 775
775 2 133
7 3 775
97 3 776
262 4 776
648 2 776
632 3 776
250 1 776
43 2 776
668 1 776
12 2 776
776 5 125
608 5 776
371 4 777
52 4 777
777 4 421
777 4 486
777 5 743
777 1 585
777 5 154
298 1 777
13 5 777
481 5 778
778 5 102
778 3 239
779 4 148
22 2 779
779 1 40
27 2 779
780 2 49
780 2 546
277 2 780
780 5 408
780 4 297
781 5 147
5 3 781
781 4 45
302 4 781
278 4 782
783 5 163
783 4 436
118 4 783
8 4 783
152 1 783
315 3 783
571 2 783
46 1 783
271 2 783
351 5 783
34 1 784
750 5 784
33 1 785
785 2 18
785 2 502
216 2 785
45 2 785
398 4 785
785 1 623
785 1 607
786 5 257
690 3 786
516 1 786
340 1 786
786 4 12
108 2 786
524 1 786
786 3 223
787 5 114
787 5 19
174 2 787
788 3 162
788 3 87
788 3 585
788 2 14
788 5 15
529 2 789
625 4 789
789 1 305
789 1 545
72 5 789
789 2 29
789 1 269
78 5 789
789 1 127
32 2 789
225 5 790
100 5 790
21 4 790
790 1 119
790 5 360
790 5 201
790 2 585
790 3 79
791 5 783
792 5 133
792 2 312
793 4 278
793 4 566
793 4 728
793 5 25
793 3 637
30 2 793
793 1 127
794 3 657
794 5 673
578 3 794
547 3 794
794 3 102
201 5 794
794 4 42
46 1 794
65 4 795
795 2 322
795 3 149
795 4 23
795 1 40
795 5 602
795 5 156
795 1 174
795 5 256
754 3 796
796 1 615
796 5 24
796 4 666
141 2 796
43 4 797
271 3 797
479 1 797
553 1 798
75 3 798
798 2 492
798 4 125
799 2 433
799 5 449
306 5 799
728 2 799
799 5 472
586 2 799
799 2 11
125 1 799
799 3 333
383 5 799
800 2 34
116 4 800
800 1 270
63 1 800
800 4 447
800 4 607
800 5 272
145 1 801
147 5 801
801 3 7
801 2 43
319 5 801
3 1 802
357 2 802
802 1 6
86 5 802
11 2 802
205 5 802
222 2 802
417 2 803
754 1 803
803 3 19
569 5 803
803 4 89
803 2 251
803 4 668
559 1 803
804 1 2
18 2 804
804 3 22
8 4 804
427 4 804
779 4 804
413 1 804
448 2 804
16 2 804
805 1 73
217 3 805
805 5 124
805 5 670
85 3 806
807 4 49
807 1 136
807 3 74
603 2 807
172 3 807
807 3 14
807 4 30
808 2 49
808 2 97
808 3 100
53 4 808
70 3 808
23 2 808
808 1 777
808 2 176
433 2 809
809 2 257
259 5 809
23 1 809
809 4 381
430 3 809
367 3 809
810 4 739
810 4 5
490 2 810
379 2 810
29 2 810
810 3 736
811 2 497
811 2 17
276 2 811
811 1 26
285 1 811
223 3 812
813 3 79
814 4 194
372 4 814
815 4 1
815 3 184
329 5 815
203 2 815
12 5 815
815 3 48
816 3 193
97 4 816
626 3 816
816 1 738
180 1 816
816 1 244
29 4 816
79 4 816
817 2 731
145 1 818
818 1 371
3 5 818
818 1 789
818 2 683
604 1 818
818 4 526
143 1 818
239 5 818
546 3 819
85 1 819
820 4 50
150 4 820
23 5 820
820 5 12
733 1 820
820 1 95
80 2 820
34 3 821
789 5 821
70 4 821
144 3 821
24 5 822
185 3 822
817 5 823
146 1 823
708 3 823
823 3 23
289 4 824
145 4 824
774 1 824
74 5 824
824 5 426
572 2 824
237 2 824
824 5 13
30 4 824
689 1 825
825 2 179
825 4 23
563 1 826
9 4 826
705 1 827
3 2 827
827 5 182
827 1 248
827 1 187
827 2 652
827 1 253
125 1 827
382 2 827
194 3 828
499 5 828
452 4 828
828 3 249
811 4 828
268 1 828
77 2 828
828 1 13
733 1 828
30 5 828
829 2 262
829 3 7
829 4 12
321 2 830
830 4 802
100 1 830
30 1 830
830 4 256
593 2 831
275 3 831
831 2 165
470 3 831
247 5 831
39 4 831
831 5 743
832 4 754
3 5 832
275 2 832
832 1 308
774 5 832
167 4 832
346 2 832
832 5 26
464 2 832
833 2 753
833 4 2
633 2 833
78 2 833
718 3 833
833 3 14
833 3 94
834 1 5
834 5 726
834 3 182
834 1 24
834 1 159
5 5 835
71 5 835
835 5 800
610 2 836
836 3 530
836 3 482
772 5 836
836 1 39
106 3 836
836 3 412
836 3 157
836 2 255
837 4 452
101 3 837
250 1 837
27 5 837
75 1 837
837 3 413
838 2 659
838 5 708
53 5 838
582 3 838
438 3 838
838 4 646
838 1 12
158 4 838
838 4 31
673 1 839
839 5 402
310 1 839
455 5 839
190 1 839
559 3 839
3 5 840
451 3 840
100 2 840
840 3 247
840 3 232
44 2 840
13 1 840
545 2 841
841 4 373
841 4 217
841 3 91
841 4 811
841 1 444
48 3 841
706 2 842
842 3 127
273 4 843
450 1 843
843 2 546
612 5 843
100 2 843
24 3 843
843 2 25
123 4 843
605 5 843
844 2 225
844 4 138
474 2 844
844 4 783
33 4 845
845 3 229
845 1 342
172 2 845
845 4 639
548 5 846
846 5 534
846 1 504
608 4 846
847 2 33
165 5 847
847 3 504
847 3 427
606 3 847
848 2 550
848 3 413
848 2 30
849 2 724
489 5 849
625 4 850
850 2 3
850 2 421
5 2 850
753 5 851
4 5 851
374 3 851
151 2 851
851 1 456
200 5 851
851 4 430
255 2 851
32 4 851
852 3 449
838 1 852
852 1 173
33 3 853
853 4 193
691 4 853
853 4 147
853 5 53
469 4 853
853 3 694
12 4 853
461 1 853
853 2 14
854 1 705
855 5 33
753 3 855
855 5 116
855 4 22
855 3 439
490 3 855
855 3 413
381 3 855
550 2 856
856 3 345
154 1 856
395 3 856
748 1 856
29 5 856
109 2 856
856 1 238
433 1 857
162 5 857
857 5 21
856 1 857
857 5 201
558 3 857
857 1 432
350 4 858
858 4 334
19 2 859
859 1 293
859 3 7
14 5 859
176 1 859
860 1 19
860 4 341
860 3 85
841 3 860
860 1 157
860 4 383
861 1 820
6 5 861
215 1 861
861 5 392
861 1 40
795 5 861
861 4 27
862 4 20
862 2 245
54 5 862
862 4 279
862 2 89
862 2 265
28 5 862
498 4 863
863 3 179
862 3 863
864 1 481
864 4 181
278 4 864
864 1 519
311 1 864
8 5 864
864 1 125
864 2 366
864 5 95
687 2 864
277 1 865
866 4 68
866 5 244
866 2 28
83 3 867
515 1 867
867 4 563
25 2 867
634 3 867
45 1 867
589 3 867
144 1 867
372 2 868
6 4 868
868 1 265
869 3 339
70 4 869
869 3 155
704 4 869
16 1 869
33 3 870
870 2 595
487 2 870
25 3 870
870 3 489
620 1 870
871 3 81
421 1 871
871 2 53
58 2 871
525 3 871
871 3 430
48 4 872
873 1 482
147 4 873
484 2 873
873 2 22
873 3 58
873 1 253
110 3 873
874 2 34
874 1 3
164 2 874
874 5 54
7 3 874
874 5 665
874 3 58
874 1 13
874 5 285
874 3 528
875 5 420
875 3 373
5 1 875
70 4 875
201 5 875
875 3 9
875 4 143
243 4 876
877 5 66
877 4 226
101 4 877
326 2 877
760 3 877
427 4 877
877 3 652
749 5 877
846 2 877
544 5 877
178 4 878
659 1 878
878 1 486
878 5 266
878 5 411
878 1 157
878 2 46
878 2 174
878 1 511
127 3 878
2 4 879
879 3 3
879 1 136
697 5 879
880 2 2
880 3 690
132 3 880
880 5 550
880 5 11
556 1 880
880 2 142
880 5 48
753 3 881
18 2 881
881 3 40
881 2 11
882 1 7
882 2 297
882 2 602
883 2 866
884 3 21
884 2 343
167 2 884
7 1 884
490 5 884
884 3 268
884 3 397
525 2 884
78 1 884
147 3 885
566 5 885
885 1 151
885 4 8
885 1 24
885 5 89
885 4 285
435 3 886
886 2 228
292 5 886
37 5 886
886 5 297
155 3 886
886 2 332
607 3 886
449 5 887
785 3 887
120 2 887
887 5 26
887 3 698
59 2 887
887 3 635
887 5 12
588 2 887
887 1 237
613 5 888
888 2 783
3 1 889
889 4 164
889 2 6
889 5 71
264 2 889
889 3 138
889 4 93
62 3 889
736 3 890
5 5 891
892 2 34
892 4 453
395 3 892
500 3 893
132 1 893
893 1 32
49 4 894
193 3 894
339 1 894
516 1 894
894 1 308
133 4 894
894 5 6
617 2 894
894 5 44
256 5 894
225 1 895
895 1 546
87 1 895
895 3 11
162 3 896
896 4 711
896 3 650
346 4 896
896 3 620
828 3 896
16 1 896
97 5 897
305 2 897
512 1 897
898 3 258
898 1 357
898 3 70
7 5 898
898 5 391
898 5 24
619 1 898
432 1 898
551 3 899
184 1 899
899 2 8
899 5 25
899 5 13
147 2 900
468 2 900
900 3 744
900 4 284
900 2 125
514 3 901
901 3 3
569 2 901
441 3 901
901 4 58
901 3 92
901 4 45
30 3 901
901 3 127
902 5 24
902 3 462
828 1 903
48 5 903
904 5 381
904 1 464
905 1 491
610 3 906
85 1 906
838 5 906
906 3 316
654 3 906
906 2 751
23 3 907
907 4 153
636 5 907
907 4 95
907 1 240
908 5 193
244 4 908
908 3 24
908 4 267
909 5 289
909 5 97
909 4 579
909 2 488
592 1 909
910 5 435
708 5 910
37 1 910
22 3 910
376 3 910
910 1 24
910 1 620
92 1 910
221 5 910
911 5 769
911 1 24
154 2 911
97 3 912
912 2 83
912 3 359
87 3 912
330 4 912
332 5 912
912 1 285
161 3 913
332 4 913
913 3 733
717 1 913
913 4 14
593 1 914
914 3 243
6 5 914
7 2 914
491 3 914
914 5 95
915 1 180
341 2 915
458 3 915
476 4 915
511 2 915
208 4 915
640 4 915
483 2 916
916 4 5
373 5 916
264 5 916
398 3 916
916 4 912
916 4 16
33 2 917
98 1 917
22 2 917
917 4 326
7 5 917
917 1 793
917 3 461
918 2 33
66 5 918
918 5 115
918 4 390
119 3 918
918 4 24
918 5 8
237 1 918
918 3 336
4 2 919
919 1 917
131 4 920
920 5 85
310 3 920
38 5 920
920 4 7
231 2 920
135 4 920
427 4 920
920 5 30
52 3 921
921 4 773
921 4 46
79 2 921
921 1 176
921 1 624
922 2 803
248 4 922
923 2 625
923 3 438
632 2 923
504 5 923
16 1 923
924 2 225
578 3 924
34 1 924
691 3 924
69 4 924
56 5 924
556 5 924
515 3 925
925 1 116
789 2 925
925 3 759
925 2 551
925 1 184
9 4 925
925 1 14
925 3 287
925 3 48
49 1 926
178 3 926
147 5 926
926 3 227
926 2 247
73 2 926
412 5 926
926 5 476
19 1 927
24 2 927
556 4 927
928 5 691
405 3 928
928 1 700
19 2 929
929 3 595
929 1 4
23 5 929
200 3 929
313 2 929
929 4 45
929 3 160
930 5 594
579 4 930
930 3 99
930 1 22
87 3 930
930 1 873
11 5 930
930 2 751
931 1 265
497 3 932
932 2 147
435 5 932
310 5 932
74 4 932
932 1 684
95 3 933
609 1 934
18 2 934
934 2 450
934 2 85
934 2 550
790 3 934
494 2 934
225 2 935
935 1 34
53 5 935
208 1 935
257 1 936
308 4 936
7 2 936
17 2 937
3 3 937
228 4 937
549 2 937
469 4 937
43 2 937
937 2 623
116 4 938
938 3 149
938 1 262
938 5 409
939 4 337
86 3 939
695 3 939
939 3 167
48 1 939
940 1 321
940 4 856
376 3 940
139 2 940
940 4 640
940 2 48
201 1 941
265 3 942
654 2 942
358 2 943
943 4 710
943 1 874
943 3 398
46 1 943
593 1 944
944 3 530
180 5 944
838 3 944
215 3 944
87 3 944
279 4 944
265 1 944
944 2 590
6 5 945
945 4 58
945 2 13
945 1 526
305 3 946
67 1 946
946 2 775
946 5 391
79 2 946
947 5 690
682 3 948
609 3 949
5 5 949
759 5 949
949 1 392
949 2 24
949 3 89
90 5 949
949 2 155
949 1 253
48 5 949
322 1 950
18 4 950
147 3 950
950 1 820
84 5 950
950 4 358
317 4 950
558 5 950
951 4 498
951 5 274
951 2 645
8 5 951
24 4 951
951 1 12
48 1 951
952 3 30
952 4 815
953 4 114
20 4 953
776 1 953
569 2 953
953 4 154
953 2 92
830 1 953
953 4 222
954 1 245
201 4 954
395 1 954
204 5 954
954 3 333
955 1 164
955 4 884
952 1 955
955 5 664
330 4 955
955 5 556
955 1 112
956 2 162
770 4 957
116 4 957
474 4 957
957 4 526
272 4 957
851 4 958
958 2 357
958 5 950
958 4 167
602 2 958
11 3 958
958 2 411
173 4 958
959 3 229
101 3 959
262 2 959
86 3 959
22 3 959
198 5 959
959 5 487
394 3 959
864 2 959
960 4 386
469 4 960
960 4 56
960 2 58
960 4 12
141 3 960
960 1 413
143 3 960
657 2 961
130 5 962
962 4 115
691 1 962
962 2 198
962 1 298
962 2 192
160 5 962
465 4 963
963 5 97
697 4 963
698 1 963
963 4 922
593 1 964
964 2 12
13 1 964
133 4 965
965 2 489
43 3 965
965 4 398
966 5 260
966 5 665
966 3 43
967 5 225
242 2 967
486 1 967
967 1 140
461 3 967
967 3 14
968 3 3
968 1 293
37 4 968
968 4 5
968 4 22
968 4 248
968 2 491
13 5 968
926 5 968
969 5 97
969 4 132
135 5 969
969 4 8
889 3 969
827 1 969
969 4 172
350 4 969
970 3 49
971 2 485
21 3 971
971 5 326
278 3 971
55 4 971
971 1 187
971 2 268
844 3 971
971 1 48
972 4 2
972 2 169
427 5 972
972 1 686
193 4 973
578 1 973
226 1 973
19 5 973
973 1 855
24 2 973
973 3 381
973 1 397
973 4 239
974 3 193
975 5 33
770 2 975
71 5 975
975 3 8
975 5 330
975 1 27
975 4 700
13 4 975
976 2 262
776 4 976
426 5 976
140 1 976
976 5 480
176 4 976
407 4 977
938 1 978
978 2 555
979 5 225
979 2 12
48 1 979
449 5 980
980 4 674
980 5 147
980 1 794
44 2 980
124 4 980
980 3 32
305 2 981
981 5 228
981 3 327
279 4 981
981 3 473
42 1 981
981 2 315
981 1 11
981 5 510
981 3 63
982 5 24
983 2 7
984 1 33
114 3 984
984 4 354
451 3 984
984 5 647
808 4 984
984 5 733
862 2 984
383 1 984
985 2 37
333 3 985
985 4 96
930 5 986
184 1 986
986 4 425
668 2 986
986 4 975
986 5 16
987 3 449
407 3 987
622 2 987
93 3 988
607 1 988
818 2 989
7 2 989
824 3 989
201 4 989
283 4 989
989 1 300
989 4 158
989 5 30
465 2 990
990 4 402
274 2 990
180 4 990
981 1 990
821 1 990
990 1 7
376 3 990
990 5 72
990 1 223
991 5 100
292 2 991
887 4 991
991 1 55
572 4 991
398 4 991
990 4 991
992 2 21
981 1 992
992 1 920
330 3 992
618 3 992
12 4 992
992 5 111
992 5 176
312 4 993
993 1 173
140 5 994
995 4 19
67 1 996
996 2 579
452 4 996
996 5 167
996 3 90
997 4 179
997 2 388
997 2 5
997 2 136
702 2 997
85 4 998
998 4 489
998 1 250
74 1 998
26 2 998
541 4 998
79 5 998
999 4 182
999 3 202
999 3 45
1000 2 33
1000 4 70
728 4 1000
427 1 1000
12 2 1000
31 4 1000
257 1 1001
1001 4 674
1001 4 179
659 5 1001
1001 3 213
1001 4 632
1001 4 571
1001 2 125
3 1 1002
1002 3 628
1002 4 422
1002 4 1000
1002 4 680
1002 3 108
160 3 1002
700 534
