102
1 5 2
3 3 1
3 5 2
4 5 1
2 1 4
4 2 3
1 1 5
2 1 5
5 5 3
4 1 5
1 5 6
4 2 6
6 5 5
7 1 1
2 4 7
7 2 5
6 5 7
8 4 2
4 4 8
5 3 8
6 5 8
7 4 8
1 5 9
9 1 2
3 2 9
4 3 9
9 3 5
6 4 9
7 4 9
9 2 8
1 2 10
2 3 10
10 4 3
4 3 10
5 2 10
9 2 10
9 4 11
12 2 1
2 1 12
5 4 12
8 2 12
12 4 9
13 3 1
5 5 13
13 2 9
1 3 14
2 1 14
4 3 14
14 3 5
14 1 6
7 3 14
8 4 14
14 1 9
12 4 14
15 1 1
2 1 15
4 3 15
5 1 15
15 2 6
8 2 15
9 4 15
15 3 12
15 3 13
15 3 14
16 2 1
16 1 2
4 1 16
16 3 12
15 5 16
1 5 17
2 3 17
4 5 17
7 2 17
17 2 9
17 2 10
12 1 17
17 5 14
17 1 15
16 5 17
5 4 18
18 3 12
19 1 17
19 4 1
19 2 4
5 5 19
6 4 19
19 5 7
19 2 9
19 5 10
14 5 19
15 4 19
1 4 20
20 1 18
20 5 19
20 2 5
20 4 6
20 1 9
20 5 12
20 5 16
4 1 21
22 1 1
22 3 2
22 4 4
6 1 22
10 2 22
12 2 22
15 3 22
23 2 1
23 1 17
19 5 23
23 1 3
23 1 20
4 4 23
23 3 10
12 2 23
23 1 16
24 4 19
5 1 24
24 2 22
24 2 23
24 3 8
24 1 14
16 5 24
25 5 7
25 3 8
25 5 24
10 5 25
2 1 26
26 4 19
26 5 4
6 3 26
26 4 12
27 2 18
3 2 27
19 1 27
27 3 20
5 1 27
27 4 22
27 2 12
1 1 28
28 5 17
2 5 28
4 4 28
6 1 28
28 3 23
8 5 28
12 2 28
15 5 29
29 4 16
4 4 30
7 1 30
30 2 12
30 1 15
2 1 31
31 3 5
9 2 31
14 2 31
31 2 15
32 3 2
32 4 4
22 3 32
33 5 2
33 4 4
33 4 23
33 2 9
14 1 33
33 5 15
34 5 1
3 5 34
34 5 20
34 3 5
23 4 34
34 1 25
35 3 20
35 3 5
6 3 35
35 3 15
36 5 1
4 2 36
6 3 36
7 1 36
9 1 36
36 4 26
36 4 10
36 2 12
36 3 31
37 2 20
37 3 14
34 5 38
38 3 35
4 1 38
5 2 38
9 5 38
38 3 27
12 2 38
38 3 14
38 1 31
19 5 39
39 1 5
39 3 22
39 5 12
39 3 14
39 3 15
19 4 40
2 2 41
41 5 23
41 4 30
31 2 41
41 5 16
1 3 42
17 3 42
2 4 42
36 5 42
42 2 5
42 4 14
31 3 42
1 5 43
43 1 3
5 1 43
15 2 43
43 4 16
44 3 20
4 4 44
45 4 2
18 2 45
45 3 4
46 4 19
10 5 46
14 4 46
47 2 1
47 3 18
47 4 19
36 4 47
4 4 47
28 2 47
12 5 47
48 5 2
48 5 24
15 3 48
33 5 49
18 2 49
49 1 4
49 5 5
49 5 24
12 3 49
50 4 1
50 1 4
5 3 50
50 2 7
50 4 8
50 3 24
9 4 50
50 3 12
50 3 16
51 1 1
19 4 51
22 4 51
41 4 51
51 1 15
52 3 17
52 1 1
20 3 52
9 1 52
52 3 26
15 3 52
53 3 1
53 5 2
53 2 34
20 4 53
53 1 5
22 2 53
25 2 53
53 4 10
53 3 14
15 1 53
33 2 54
54 3 17
18 4 54
54 3 51
4 5 54
20 4 54
54 4 15
2 3 55
22 1 55
9 3 55
55 2 42
43 2 55
12 1 55
56 4 1
56 3 28
56 1 14
56 3 15
1 3 57
20 2 57
57 5 38
57 4 22
9 3 57
27 1 57
12 5 57
28 4 57
58 1 1
4 2 58
5 4 58
38 3 58
39 5 58
58 5 9
10 2 58
58 2 12
58 1 14
32 3 58
59 1 12
54 2 60
2 4 61
5 5 61
61 1 39
23 2 61
62 2 2
36 3 62
62 5 20
5 2 62
62 4 6
62 4 54
62 1 41
58 4 62
28 3 62
15 1 62
63 3 3
63 3 51
63 1 4
63 5 22
23 1 63
63 5 7
63 5 15
16 1 63
64 2 17
2 3 64
23 2 64
64 2 39
64 1 14
64 4 15
2 2 65
65 4 3
65 4 51
65 5 22
7 5 65
23 4 65
12 1 65
65 5 62
1 5 66
51 2 66
66 5 3
5 5 66
15 2 66
67 1 17
67 1 1
67 3 4
42 3 67
67 3 63
4 3 68
53 3 68
5 3 68
22 4 68
10 3 68
68 5 43
69 2 4
8 2 69
42 1 69
15 4 69
17 4 70
1 3 70
33 3 70
51 4 70
4 3 70
6 4 70
8 1 70
43 4 70
62 4 70
15 1 70
71 1 19
65 1 72
72 1 39
72 3 12
73 2 65
20 5 73
39 3 73
7 3 73
73 3 24
9 1 73
73 5 58
73 4 62
73 5 14
73 2 16
38 3 74
74 3 6
9 3 74
73 4 74
12 1 74
74 2 64
17 4 75
1 5 75
2 5 75
3 5 75
75 1 6
23 3 75
9 5 75
42 1 75
75 1 28
14 1 75
67 1 76
76 4 22
76 5 10
77 5 1
18 3 77
67 2 77
77 1 4
77 3 5
77 3 57
28 4 77
62 5 77
15 1 77
5 3 78
24 1 78
79 3 51
67 1 80
80 1 4
80 1 20
24 5 80
9 4 80
80 3 73
80 5 14
31 5 80
1 5 81
81 4 20
81 3 69
81 5 22
26 4 81
30 5 81
82 4 20
53 3 82
38 1 82
82 4 57
42 2 82
12 1 82
28 4 82
2 2 83
83 4 4
55 1 83
8 4 83
83 2 12
65 4 84
84 4 2
84 5 50
69 3 84
84 5 6
23 2 84
84 2 9
25 1 84
76 5 84
84 2 79
33 2 85
27 1 86
87 1 20
53 2 87
87 5 5
87 5 70
7 2 87
87 1 9
26 4 87
87 3 58
12 2 87
87 4 15
88 1 1
2 3 88
88 3 3
68 2 88
20 1 88
22 1 88
23 2 88
63 1 88
19 3 89
89 5 84
4 2 89
89 3 5
23 4 89
89 3 73
10 5 89
12 2 89
89 3 62
1 1 90
90 3 2
90 2 22
90 5 54
61 4 90
90 4 63
10 2 91
92 5 33
65 3 92
2 2 92
3 2 92
92 1 68
6 1 92
92 4 55
14 4 92
93 3 19
9 3 93
15 4 93
16 4 93
1 2 94
94 4 4
54 5 94
41 3 94
82 2 95
23 2 95
75 4 95
62 1 95
15 3 95
95 2 80
65 4 96
1 4 96
96 1 2
96 2 35
4 4 96
39 2 96
96 4 10
96 5 15
97 5 17
19 1 97
36 4 97
20 5 97
97 3 55
97 1 23
57 4 97
5 3 98
62 2 98
31 4 98
7 1 99
99 1 26
100 5 97
100 2 22
100 3 24
9 4 100
73 4 100
12 2 100
30 3 100
100 2 80
13 5 101
10 2 102
46 101
